0.264993
0.24231
0.212921
0.21393
0.234823
0.255301
0.271034
0.286001
0.299988
0.30911
0.315386
0.322549
0.32751
0.325292
0.316798
0.308531
0.305067
0.298948
0.280473
0.267571
0.272679
0.271089
0.246473
0.217431
0.205941
0.21215
0.225244
0.236355
0.242798
0.249351
0.257687
0.26437
0.270931
0.281852
0.298628
0.313631
0.320663
0.327895
0.332904
0.326889
0.318584
0.316585
0.310789
0.292192
0.266398
0.248014
0.249041
0.25738
0.248863
0.227793
0.217578
0.223081
0.229457
0.226337
0.227379
0.242377
0.260184
0.277984
0.299916
0.315196
0.313361
0.306251
0.310364
0.325784
0.336408
0.328075
0.31056
0.305388
0.30789
0.29611
0.269937
0.250309
0.244346
0.237079
0.224643
0.218902
0.221873
0.224754
0.231821
0.24707
0.256752
0.255391
0.254848
0.264781
0.289037
0.318359
0.333081
0.331895
0.329972
0.332096
0.32782
0.314091
0.304404
0.304875
0.299999
0.280452
0.259089
0.244826
0.239159
0.240717
0.236608
0.222368
0.211367
0.210986
0.220638
0.242299
0.270191
0.28648
0.283798
0.281683
0.29614
0.314964
0.320489
0.321682
0.332224
0.34313
0.340249
0.322488
0.301609
0.290707
0.286134
0.273937
0.255146
0.239595
0.227195
0.218049
0.222989
0.238167
0.243081
0.230742
0.220566
0.233144
0.258541
0.277262
0.290726
0.306111
0.321936
0.3323
0.331904
0.327152
0.328596
0.330982
0.324238
0.313534
0.304517
0.291897
0.276349
0.263244
0.253329
0.240752
0.223688
0.213188
0.215412
0.224031
0.232669
0.238133
0.244049
0.259059
0.278843
0.288109
0.287991
0.297513
0.318475
0.336345
0.344258
0.343776
0.338501
0.329745
0.318713
0.30679
0.293145
0.277731
0.263541
0.253658
0.248595
0.242882
0.227969
0.210099
0.211541
0.230476
0.238974
0.23507
0.239901
0.26068
0.286417
0.306324
0.319639
0.326974
0.32642
0.323468
0.326576
0.334762
0.340015
0.335403
0.32127
0.306276
0.292773
0.270937
0.246958
0.2384
0.240324
0.234801
0.220903
0.213505
0.219945
0.233331
0.245485
0.253641
0.259536
0.26754
0.280922
0.29896
0.318495
0.337388
0.349308
0.348554
0.342038
0.334291
0.322116
0.309898
0.305562
0.304283
0.294534
0.272224
0.245113
0.228832
0.228439
0.230531
0.223472
0.213248
0.214118
0.229316
0.247207
0.264168
0.282413
0.294657
0.299101
0.306651
0.32069
0.332781
0.338476
0.341658
0.346991
0.350062
0.339065
0.313591
0.290414
0.280328
0.274074
0.25875
0.240059
0.231321
0.229042
0.224733
0.222367
0.226009
0.229444
