0.486526
0.514165
0.513495
0.513128
0.513013
0.513086
0.513307
0.513637
0.514022
0.514385
0.514719
0.515009
0.515225
0.51536
0.51543
0.515428
0.515346
0.515192
0.515006
0.514829
0.514671
0.51455
0.514511
0.514586
0.514722
0.51484
0.514854
0.514733
0.514484
0.514148
0.513764
0.513399
0.513082
0.512856
0.512723
0.512716
0.512841
0.513111
0.513494
0.513957
0.514464
0.514945
0.515357
0.515667
0.515846
0.515859
0.51566
0.515224
0.514647
0.514026
0.513466
0.512983
0.512623
0.512417
0.5124
0.512531
0.512763
0.513035
0.513289
0.513488
0.513659
0.513804
0.513909
0.513943
0.513895
0.513807
0.513757
0.51375
0.513788
0.513884
0.514042
0.51427
0.514498
0.514661
0.514733
0.514671
0.514454
0.5141
0.51362
0.513066
0.512499
0.512023
0.511719
0.511621
0.511703
0.511917
0.51224
0.512665
0.513179
0.513725
0.514244
0.514681
0.514983
0.5151
0.515027
0.514808
0.5145
0.514143
0.513758
0.513362
0.512998
0.512745
0.512636
0.512654
0.512726
0.512805
0.512842
0.512837
0.512818
0.512825
0.512845
0.512849
0.512834
0.51284
0.51288
0.512949
0.513069
0.513281
0.513596
0.51397
0.514331
0.514632
0.514849
0.514947
0.514894
0.51467
0.514262
0.513676
0.512991
0.512345
0.51185
0.511542
0.511411
0.51144
0.511639
0.51198
0.512418
0.512906
0.51339
0.513825
0.514169
0.514383
0.514487
0.514491
0.514407
0.514256
0.514064
0.513866
0.513685
0.513543
0.513459
0.513432
0.513426
0.513408
0.513352
0.513255
0.513113
0.512925
0.512693
0.512463
0.512287
0.512205
0.512214
0.512318
0.512526
0.512842
0.513251
0.513718
0.514199
0.514643
0.51501
0.515261
0.515357
0.515276
0.51501
0.514584
0.514067
0.513538
0.513033
0.51257
0.512194
0.511975
0.511955
0.512098
0.51234
0.512634
0.512945
0.513257
0.513566
0.513858
0.514108
0.514274
0.514339
0.514321
0.514274
0.514239
0.514236
0.514285
0.514378
0.51449
0.51457
0.514588
0.514545
0.514429
0.514215
0.513896
0.513492
0.513061
0.512678
0.512397
0.512252
0.512252
0.51239
0.512642
0.512996
0.513441
0.513966
0.514531
0.515072
0.515521
0.515808
0.515896
0.515792
0.515553
0.515241
0.514887
0.514496
0.514091
0.513724
0.513457
0.513301
0.513231
0.513216
0.513241
0.5133
0.513398
0.513548
0.513738
0.513932
0.514102
0.514242
0.514364
0.514474
0.514582
0.514712
0.514902
0.515153
0.515425
0.515665
0.515842
0.515937
0.515919
0.515761
0.515464
0.515056
0.514572
0.514071
