0.208976
0.25036
0.254742
0.290782
0.407643
0.590351
0.764661
0.885515
0.949691
0.957929
0.917694
0.85412
0.799128
0.775588
0.782052
0.795917
0.777918
0.72491
0.683739
0.668541
0.659299
0.666977
0.720877
0.802229
0.85829
0.865154
0.812534
0.70121
0.574074
0.485529
0.445073
0.425655
0.411161
0.39799
0.377089
0.347222
0.31728
0.295429
0.288506
0.299088
0.316375
0.322114
0.310864
0.29702
0.30357
0.348758
0.433213
0.53745
0.635354
0.707345
0.740816
0.735294
0.710826
0.689325
0.670426
0.638815
0.585257
0.512135
0.430449
0.356591
0.306325
0.289151
0.308515
0.361885
0.437091
0.514339
0.575368
0.610639
0.621556
0.618959
0.613976
0.606866
0.588448
0.550909
0.493079
0.420574
0.34596
0.284714
0.24656
0.230369
0.22711
0.226501
0.222324
0.214315
0.206183
0.202091
0.204717
0.214683
0.23016
0.247713
0.264601
0.28064
0.298725
0.323262
0.356027
0.392872
0.425266
0.445225
0.449013
0.438124
0.418545
0.398104
0.382904
0.375708
0.376606
0.383929
0.395127
0.408172
0.422277
0.436928
0.45045
0.459546
0.459852
0.447085
0.41861
0.375147
0.321671
0.266471
0.218208
0.182582
0.161037
0.152168
0.154063
0.165782
0.187351
0.218429
0.256709
0.297585
0.335448
0.365491
0.384946
0.393509
0.393073
0.386839
0.378117
0.369351
0.361742
0.355512
0.35048
0.346545
0.343862
0.342721
0.343053
0.343793
0.342774
0.337535
0.326567
0.310197
0.290571
0.270687
0.253002
0.238492
0.22668
0.216344
0.206304
0.195956
0.185471
0.175609
0.167305
0.161233
0.157623
0.15644
0.157826
0.162511
0.17182
0.187149
0.209131
0.236953
0.268254
0.299689
0.327857
0.350154
0.36521
0.372797
0.37339
0.367782
0.357018
0.342557
0.326362
0.310775
0.298161
0.290465
0.288806
0.29321
0.302572
0.314883
0.327683
0.338627
0.345932
0.34855
0.346027
0.338232
0.32521
0.307278
0.285263
0.260644
0.235441
0.211819
0.191572
0.17571
0.164353
0.156957
0.152711
0.150899
0.151099
0.153173
0.157122
0.162908
0.170331
0.179018
0.188509
0.198387
0.208373
0.218305
0.228019
0.237201
0.245352
0.25191
0.256473
0.259012
0.259938
0.259998
0.260063
0.260885
0.262945
0.266396
0.271088
0.276634
0.282458
0.287833
0.291909
0.293776
0.292574
0.287664
0.278813
0.266343
0.251166
0.234675
0.218502
0.204212
0.193048
0.185809
0.182849
0.184155
0.189426
0.198096
0.209346
0.222115
0.235191
0.24736
0.257588
0.265167
0.2698
0.271591
0.270951
0.268473
0.264786
