2.5
2.47462
2.40941
2.31499
2.20176
2.07858
1.95355
1.83395
1.72546
1.63143
1.553
1.4902
1.44287
1.4106
1.39233
1.38634
1.39057
1.40338
1.4245
1.45479
1.49411
1.54072
1.59367
1.65364
1.72038
1.78994
1.85467
1.90537
1.93332
1.93167
1.89643
1.827
1.72629
1.60077
1.4599
1.31458
1.17518
1.04974
0.942861
0.856366
0.790383
0.743178
0.711407
0.691848
0.682564
0.681934
0.687452
0.695999
0.70432
0.709485
0.710433
0.709152
0.709004
0.711522
0.71497
0.715104
0.706996
0.686032
0.647137
0.584852
0.496005
0.382017
0.248139
0.101532
-0.0491982
-0.194227
-0.323998
-0.430663
-0.508919
-0.557154
-0.577876
-0.575816
-0.555546
-0.521258
-0.478269
-0.433773
-0.395074
-0.366581
-0.349232
-0.343003
-0.348941
-0.368081
-0.399182
-0.439222
-0.485922
-0.538819
-0.59884
-0.668136
-0.749773
-0.846644
-0.960535
-1.09119
-1.23483
-1.3834
-1.52619
-1.65292
-1.75616
-1.83115
-1.8746
-1.88408
-1.85947
-1.80494
-1.72836
-1.63874
-1.54483
-1.45473
-1.37492
-1.30975
-1.26225
-1.23424
-1.22585
-1.23574
-1.26186
-1.30163
-1.35187
-1.40928
-1.47187
-1.53972
-1.6148
-1.69946
-1.79452
-1.89866
-2.00876
-2.11969
-2.22436
-2.3147
-2.38249
-2.41979
-2.42097
-2.3852
-2.31685
-2.22319
-2.11195
-1.99107
-1.86919
-1.75458
-1.6538
-1.57112
-1.50932
-1.47041
-1.45494
-1.4606
-1.4823
-1.51403
-1.55054
-1.58832
-1.62593
-1.66314
-1.69944
-1.73413
-1.76803
-1.80357
-1.84168
-1.87924
-1.91
-1.92687
-1.92357
-1.89512
-1.83817
-1.75244
-1.64232
-1.51624
-1.38367
-1.25305
-1.13152
-1.02521
-0.939148
-0.877168
-0.841144
-0.829953
-0.839895
-0.866599
-0.905627
-0.9513
-0.996228
-1.03272
-1.05512
-1.06124
-1.05218
-1.03087
-1.00083
-0.965255
-0.925832
-0.881822
-0.830318
-0.767416
-0.689422
-0.593887
-0.480798
-0.352932
-0.214775
-0.0719016
0.068458
0.197552
0.306936
0.390492
0.445076
0.470106
0.466958
0.438331
0.387927
0.320857
0.244276
0.167307
0.0997657
0.049928
0.0228882
0.0209947
0.0444268
0.090299
0.152787
0.225821
0.30575
0.39152
0.483378
0.582089
0.688816
0.804831
0.930673
1.06489
1.20309
1.33836
1.46289
1.56972
1.65383
1.712
1.74141
1.73955
1.70624
1.64504
1.5621
1.46471
1.36125
1.26174
1.17657
1.11389
1.07799
1.06972
1.08762
1.12882
1.18903
1.26236
1.34213
1.42279
1.50159
1.57905
1.65766
1.73945
1.8244
1.91084
1.99616
2.07662
2.147
2.2018
2.23678
2.249
2.23637
