(0.000274185,0.000222912)
(0.0003127,0.000216571)
(0.000356328,0.000210805)
(0.000393191,0.000212021)
(0.00043504,0.000206619)
(0.00047374,0.00019974)
(0.000520327,0.000188978)
(0.000571214,0.000181509)
(0.00061881,0.000169299)
(0.000663211,0.000164208)
(0.00071857,0.000141495)
(0.000777709,0.00012751)
(0.000822862,0.000116238)
(0.00088533,0.000104406)
(0.0009507,6.98975e-05)
(0.00100072,5.06539e-05)
(0.00105761,2.0896e-05)
(0.00111163,4.40395e-06)
(0.00116102,-3.00025e-05)
(0.0012256,-5.2779e-05)
(0.0012694,-9.43051e-05)
(0.00131428,-0.000113825)
(0.00136331,-0.000154926)
(0.00141267,-0.000187378)
(0.00144583,-0.000231067)
(0.00149077,-0.000269127)
(0.00152555,-0.000319806)
(0.0015505,-0.00037434)
(0.00158182,-0.000429692)
(0.0016009,-0.000475416)
(0.00162831,-0.000546978)
(0.00165424,-0.000610392)
(0.00167805,-0.000683284)
(0.00168959,-0.000764068)
(0.00172163,-0.000843782)
(0.00173483,-0.000932076)
(0.00175159,-0.00103304)
(0.00175439,-0.00112012)
(0.00176719,-0.0012002)
(0.00176862,-0.00130174)
(0.00178679,-0.00138066)
(0.00176797,-0.00146857)
(0.00177363,-0.00155532)
(0.00176407,-0.0016389)
(0.00174515,-0.00171065)
(0.00172809,-0.00180327)
(0.00171838,-0.00187446)
(0.00169236,-0.00196702)
(0.00167957,-0.00205239)
(0.00166206,-0.00215843)
(0.00163345,-0.00223881)
(0.00163899,-0.00233557)
(0.00163859,-0.00242727)
(0.00163172,-0.00252743)
(0.00164939,-0.00259747)
(0.00166881,-0.00267281)
(0.00168132,-0.00274668)
(0.00172063,-0.00278821)
(0.00174793,-0.00285311)
(0.00176906,-0.00289382)
(0.00180978,-0.00293606)
(0.00185103,-0.00297472)
(0.00188493,-0.00304116)
(0.0019329,-0.00306163)
(0.00200979,-0.00312661)
(0.00207727,-0.00317193)
(0.0021686,-0.00321685)
(0.00227634,-0.00325275)
(0.00240938,-0.00329636)
(0.00252341,-0.00332344)
(0.00268419,-0.00336735)
(0.0028242,-0.00340615)
(0.00296709,-0.00344889)
(0.00314598,-0.00350374)
(0.003333,-0.00356901)
(0.00351576,-0.0036647)
(0.00372686,-0.00375182)
(0.00396142,-0.00384728)
(0.00417432,-0.00396281)
(0.0044278,-0.00407055)
(0.00465813,-0.00418152)
(0.00490074,-0.00432881)
(0.00513253,-0.00448115)
(0.00537187,-0.00465958)
(0.00560368,-0.0048852)
(0.00584175,-0.00511767)
(0.00608629,-0.0053728)
(0.00634175,-0.00566482)
(0.00658234,-0.00596647)
(0.0068155,-0.00629521)
(0.0070383,-0.00663941)
(0.00725326,-0.00703061)
(0.00744197,-0.00744706)
(0.00763705,-0.00790711)
(0.00778819,-0.00838935)
(0.00796066,-0.00889249)
(0.00806927,-0.00941209)
(0.00818463,-0.00994796)
(0.0082325,-0.0105111)
(0.00825404,-0.0110911)
(0.00822887,-0.0117176)
(0.00818079,-0.0123479)
(0.00809213,-0.0130367)
(0.00796528,-0.0137099)
(0.00781239,-0.0143982)
(0.00760108,-0.0151085)
(0.00734636,-0.015825)
(0.00701653,-0.0165473)
(0.00666941,-0.0172855)
(0.00625999,-0.0180169)
(0.00581018,-0.0187363)
(0.00532741,-0.019434)
(0.00476695,-0.0201278)
(0.00413343,-0.0207904)
(0.0034552,-0.021441)
(0.00271115,-0.0220786)
(0.00192285,-0.0227085)
(0.00107359,-0.0232768)
(0.00018918,-0.0238153)
(-0.00076318,-0.0243176)
(-0.00178116,-0.0247607)
(-0.00283249,-0.0251799)
(-0.00393555,-0.02554)
(-0.00506433,-0.0258488)
(-0.00624499,-0.0260793)
(-0.00744444,-0.0262351)
(-0.00871856,-0.0263497)
(-0.0100112,-0.0263722)
(-0.0113312,-0.0263564)
(-0.0126499,-0.0262509)
(-0.0139841,-0.0260875)
(-0.0153441,-0.0258238)
(-0.0167119,-0.0254903)
(-0.0180892,-0.0250778)
(-0.0194626,-0.0245951)
(-0.0208106,-0.0240106)
(-0.0221575,-0.0233489)
(-0.0234868,-0.0225849)
(-0.0248244,-0.0217663)
(-0.0261261,-0.0208556)
(-0.0273819,-0.0199027)
(-0.0286029,-0.0188588)
(-0.0297724,-0.0177349)
(-0.0308958,-0.0165357)
(-0.0319589,-0.0152817)
(-0.0329542,-0.0139771)
(-0.0338861,-0.012591)
(-0.0347269,-0.0111334)
(-0.035525,-0.00962438)
(-0.0362536,-0.00805745)
(-0.0368935,-0.00646544)
(-0.0374506,-0.00483434)
(-0.0379102,-0.00316347)
(-0.0383157,-0.00145472)
(-0.0386101,0.000291256)
(-0.0388225,0.00201551)
(-0.0389344,0.00378088)
(-0.0389516,0.00555126)
(-0.0388853,0.00734691)
(-0.0387383,0.00911047)
(-0.0384961,0.0108673)
(-0.038154,0.0125997)
(-0.0377031,0.0143381)
(-0.0371837,0.0160302)
(-0.0365812,0.0177186)
(-0.0358723,0.0193467)
(-0.0350917,0.020958)
(-0.0342271,0.0225365)
(-0.033327,0.0240631)
(-0.0323417,0.0255446)
(-0.0312771,0.0269338)
(-0.0301543,0.0282836)
(-0.0289703,0.0295628)
(-0.0277505,0.03077)
(-0.0264671,0.0319013)
(-0.0251375,0.0329698)
(-0.023779,0.0339817)
(-0.022403,0.0349242)
(-0.020993,0.0357625)
(-0.0195693,0.0365279)
(-0.0181044,0.0372298)
(-0.0166494,0.037847)
(-0.0151756,0.0383873)
(-0.0136901,0.0388329)
(-0.0122144,0.039233)
(-0.0107384,0.039571)
(-0.00929259,0.0398081)
(-0.00785348,0.0399808)
(-0.00642119,0.040085)
(-0.00502636,0.0401411)
(-0.00366011,0.0401302)
(-0.00231945,0.0400491)
(-0.00101943,0.0399413)
(0.000248518,0.0397876)
(0.00144388,0.039561)
(0.0026062,0.0392827)
(0.003732,0.0389758)
(0.00481677,0.0386367)
(0.00584845,0.0382678)
(0.00686188,0.037855)
(0.00780616,0.0374585)
(0.00872157,0.0370591)
(0.00955084,0.036621)
(0.0103513,0.0361886)
(0.0111026,0.0357626)
(0.0117978,0.0353461)
(0.0124452,0.0349255)
(0.0130653,0.0345121)
(0.0136197,0.0341428)
(0.0141402,0.033788)
(0.0146162,0.0334215)
(0.0150707,0.0330911)
(0.0154818,0.0328058)
(0.0158671,0.0325439)
(0.0162306,0.032318)
(0.0165897,0.0321502)
(0.0168865,0.0320157)
(0.0171811,0.0319271)
(0.0174852,0.0318487)
(0.0177609,0.031846)
(0.0180416,0.0318802)
(0.0183298,0.0319622)
(0.0186454,0.0321146)
(0.01894,0.0323177)
(0.0192506,0.032552)
(0.019586,0.0328347)
(0.0199603,0.033188)
(0.0203459,0.0335503)
(0.0207733,0.0339733)
(0.0212575,0.0344459)
(0.0217484,0.0349623)
(0.0223012,0.0354972)
(0.0229141,0.0360701)
(0.0235721,0.0366946)
(0.0242854,0.0373465)
(0.0250851,0.0380246)
(0.0259224,0.0387421)
(0.0268153,0.039483)
(0.0277975,0.0402222)
(0.0288638,0.0409922)
(0.0300055,0.0417736)
(0.031244,0.042555)
(0.0325559,0.0433618)
(0.0339398,0.044189)
(0.0354076,0.0449756)
(0.0369499,0.045778)
(0.0385842,0.0465734)
(0.0402994,0.0473302)
(0.0421211,0.0480836)
(0.0440133,0.0488093)
(0.0459929,0.0494806)
(0.0480744,0.0501178)
(0.0502514,0.0507415)
(0.0525193,0.0512881)
(0.0548711,0.051813)
(0.0573135,0.0523063)
(0.0598124,0.0527111)
(0.0624146,0.0530701)
(0.0651052,0.0533649)
(0.0678636,0.0535813)
(0.0707166,0.0537408)
(0.0736346,0.0538391)
(0.0766176,0.0538279)
(0.0796727,0.0537362)
(0.0828002,0.0535708)
(0.0859974,0.0532858)
(0.0892681,0.052934)
(0.0925992,0.0524889)
(0.0959822,0.0519076)
(0.0994339,0.0512481)
(0.102935,0.0504888)
(0.106487,0.0496039)
(0.110084,0.0486354)
(0.113703,0.0475554)
(0.117374,0.0463335)
(0.121084,0.0450088)
(0.124834,0.0435708)
(0.128634,0.042008)
(0.132434,0.0403536)
(0.136256,0.03858)
(0.140114,0.0366799)
(0.143962,0.0346693)
(0.147841,0.0325266)
(0.151735,0.0302781)
(0.155602,0.0279041)
(0.159496,0.0253911)
(0.1634,0.0227796)
(0.167283,0.0200283)
(0.171179,0.0171664)
(0.175051,0.0142142)
(0.178893,0.0111016)
(0.182741,0.00788193)
(0.18656,0.00455915)
(0.19037,0.00110083)
(0.194161,-0.00243562)
(0.197896,-0.0060862)
(0.20163,-0.00986587)
(0.205327,-0.0137466)
(0.208971,-0.0177392)
(0.212604,-0.0218245)
(0.216176,-0.0260268)
(0.219696,-0.0303304)
(0.223195,-0.0347229)
(0.226651,-0.0392393)
(0.23004,-0.0438248)
(0.233382,-0.0485125)
(0.236705,-0.0533291)
(0.239954,-0.0582207)
(0.243173,-0.0632095)
(0.246377,-0.0682665)
(0.249472,-0.0734047)
(0.252529,-0.0786302)
(0.255552,-0.0839186)
(0.258486,-0.0893191)
(0.261371,-0.0947687)
(0.264201,-0.100289)
(0.266976,-0.105916)
(0.269688,-0.111585)
(0.272368,-0.117323)
(0.274987,-0.123118)
(0.277517,-0.128981)
(0.28002,-0.134904)
(0.282458,-0.140884)
(0.284848,-0.146929)
(0.287175,-0.152998)
(0.289429,-0.159136)
(0.291646,-0.165318)
(0.293791,-0.171559)
(0.295903,-0.177841)
(0.297947,-0.184145)
(0.29994,-0.190531)
(0.301882,-0.196923)
(0.303756,-0.203351)
(0.305598,-0.209807)
(0.30735,-0.216292)
(0.309057,-0.222821)
(0.31072,-0.229367)
(0.312349,-0.235951)
(0.313902,-0.242531)
(0.315396,-0.24915)
(0.316867,-0.255776)
(0.318249,-0.262453)
(0.319608,-0.269136)
(0.320903,-0.275809)
(0.322169,-0.282547)
(0.323383,-0.289265)
(0.324556,-0.295981)
(0.325694,-0.302699)
(0.326755,-0.309446)
(0.327778,-0.31617)
(0.328761,-0.322908)
(0.32972,-0.329638)
(0.330584,-0.336354)
(0.331434,-0.343082)
(0.332232,-0.349789)
(0.332986,-0.356506)
(0.333691,-0.363189)
(0.334349,-0.36987)
(0.334965,-0.376523)
(0.335542,-0.383171)
(0.336056,-0.389772)
(0.336511,-0.396377)
(0.33696,-0.402942)
(0.337347,-0.409498)
(0.337711,-0.415996)
(0.338004,-0.422443)
(0.338273,-0.428873)
(0.338457,-0.435266)
(0.338605,-0.441602)
(0.338683,-0.447888)
(0.338736,-0.454161)
(0.338708,-0.460354)
(0.338651,-0.466501)
(0.338532,-0.472563)
(0.33835,-0.478611)
(0.338116,-0.484564)
(0.337836,-0.490453)
(0.337495,-0.496252)
(0.337084,-0.502007)
(0.33661,-0.507656)
(0.336079,-0.51325)
(0.335493,-0.51873)
(0.334825,-0.524154)
(0.334115,-0.529461)
(0.333328,-0.534679)
(0.332485,-0.539777)
(0.331563,-0.544802)
(0.330587,-0.549702)
(0.329538,-0.554491)
(0.32843,-0.559127)
(0.327223,-0.563663)
(0.325945,-0.568067)
(0.324585,-0.572338)
(0.323155,-0.576471)
(0.321657,-0.580495)
(0.320077,-0.58436)
(0.318429,-0.588075)
(0.316701,-0.591611)
(0.314895,-0.595028)
(0.313008,-0.598268)
(0.311045,-0.601333)
(0.309001,-0.604216)
(0.306884,-0.60695)
(0.304672,-0.6095)
(0.30239,-0.611855)
(0.300026,-0.614018)
(0.297598,-0.616001)
(0.295072,-0.617792)
(0.292461,-0.619362)
(0.28976,-0.620758)
(0.287005,-0.621955)
(0.284162,-0.622961)
(0.281241,-0.623726)
(0.278242,-0.624286)
(0.275173,-0.62463)
(0.27204,-0.624765)
(0.268803,-0.624671)
(0.265533,-0.624362)
(0.262182,-0.623822)
(0.258788,-0.623051)
(0.25528,-0.622066)
(0.251747,-0.620841)
(0.248142,-0.619405)
(0.244501,-0.617706)
(0.240771,-0.615823)
(0.237009,-0.613673)
(0.233192,-0.611321)
(0.229325,-0.608707)
(0.225417,-0.605909)
(0.221461,-0.602848)
(0.217469,-0.599571)
(0.213425,-0.596064)
(0.209371,-0.59236)
(0.2053,-0.588419)
(0.20118,-0.584243)
(0.197046,-0.57986)
(0.192873,-0.575267)
(0.188708,-0.570467)
(0.184493,-0.565476)
(0.180306,-0.56028)
(0.176111,-0.554891)
(0.171916,-0.549277)
(0.167715,-0.543508)
(0.163521,-0.53754)
(0.159348,-0.531387)
(0.155153,-0.525066)
(0.150986,-0.518581)
(0.146832,-0.511967)
(0.142697,-0.505167)
(0.138594,-0.498259)
(0.134515,-0.491188)
(0.130489,-0.48399)
(0.126465,-0.476672)
(0.122511,-0.469241)
(0.118596,-0.461695)
(0.114724,-0.454026)
(0.110891,-0.446265)
(0.107104,-0.438433)
(0.103368,-0.430494)
(0.0996925,-0.422521)
(0.09607,-0.414451)
(0.0925288,-0.406336)
(0.0890121,-0.398169)
(0.0855851,-0.389967)
(0.0822203,-0.381746)
(0.0789139,-0.373475)
(0.075692,-0.365215)
(0.0725237,-0.356937)
(0.0694468,-0.34865)
(0.0664216,-0.340383)
(0.0634834,-0.332115)
(0.0606083,-0.323862)
(0.0578023,-0.315664)
(0.0550768,-0.307489)
(0.0524646,-0.299371)
(0.049881,-0.291271)
(0.0474131,-0.28324)
(0.0449877,-0.275278)
(0.0426503,-0.267369)
(0.0403885,-0.259572)
(0.0382073,-0.251837)
(0.0361018,-0.244183)
(0.034065,-0.236636)
(0.0321064,-0.229191)
(0.0302413,-0.221821)
(0.028421,-0.214589)
(0.0266766,-0.207443)
(0.0250232,-0.200438)
(0.0234058,-0.193541)
(0.0218901,-0.18677)
(0.0204329,-0.18013)
(0.0190302,-0.173614)
(0.017708,-0.167239)
(0.0164625,-0.161005)
(0.0152537,-0.154871)
(0.0141228,-0.148893)
(0.0130273,-0.143058)
(0.0119972,-0.137356)
(0.0110374,-0.131811)
(0.010128,-0.126407)
(0.00926423,-0.121112)
(0.00845494,-0.116001)
(0.0076787,-0.111014)
(0.0069647,-0.106168)
(0.00627782,-0.101486)
(0.00565051,-0.0969502)
(0.0050618,-0.0925395)
(0.00452969,-0.0882971)
(0.0040186,-0.0841705)
(0.00355852,-0.0801688)
(0.00310792,-0.0763303)
(0.00270791,-0.0726194)
(0.00234572,-0.0690151)
(0.00199195,-0.0655633)
(0.00166787,-0.0622339)
(0.00136463,-0.0590315)
(0.00109967,-0.0559708)
(0.000840573,-0.0530429)
(0.000635405,-0.0501921)
(0.000423753,-0.0475104)
(0.000249926,-0.0449138)
(9.82489e-05,-0.0424289)
(-3.51239e-05,-0.040046)
(-0.000168877,-0.0377957)
(-0.000278858,-0.0356016)
(-0.000367152,-0.0335563)
(-0.000470056,-0.0315901)
(-0.000543179,-0.0297093)
(-0.000604905,-0.0279447)
(-0.000647136,-0.02627)
(-0.000684456,-0.024638)
(-0.000701863,-0.0230993)
(-0.000737632,-0.0216548)
(-0.000772881,-0.0202654)
(-0.00077227,-0.0189675)
(-0.000774988,-0.0177504)
(-0.000790222,-0.0165753)
(-0.00077755,-0.0154694)
(-0.000762621,-0.0144433)
(-0.000769675,-0.0134569)
(-0.000759352,-0.012525)
(-0.000733031,-0.0116625)
(-0.000728908,-0.0108636)
(-0.000705021,-0.0100718)
(-0.000672295,-0.00935743)
(-0.000660474,-0.00868737)
(-0.000634117,-0.00805736)
(-0.000604757,-0.00744922)
(-0.000567326,-0.00690643)
(-0.000558561,-0.00638239)
(-0.000540762,-0.00589329)
(-0.00049942,-0.00545442)
(-0.000469853,-0.0050249)
(-0.000467607,-0.00462749)
(-0.000440928,-0.00425111)
(-0.000408933,-0.00391045)
(-0.000423368,-0.00360617)
(-0.000393565,-0.00330798)
(-0.000365045,-0.00303077)
(-0.000356799,-0.00280264)
(-0.000328768,-0.002567)
(-0.000313462,-0.00233512)
(-0.000291497,-0.00215974)
(-0.000255543,-0.00199414)
(-0.00023386,-0.00179522)
(-0.000215181,-0.00164717)
(-0.000183944,-0.00148405)
(-0.000183732,-0.00136596)
(-0.000186733,-0.00123962)
(-0.000145463,-0.00111753)
(-0.000142251,-0.00102436)
(-0.000137954,-0.000944481)
(-0.000127945,-0.000830559)
(-0.000108141,-0.000754038)
(-0.000107462,-0.000699989)
(-0.000111056,-0.000627771)
(-9.5839e-05,-0.000563557)
(-8.24159e-05,-0.000516418)
(-7.71901e-05,-0.000472322)
(-5.84268e-05,-0.00042833)
(-5.73596e-05,-0.000372684)
(-4.74305e-05,-0.000315602)
(-4.16177e-05,-0.000290182)
(-6.90701e-05,-0.000268712)
(-5.87652e-05,-0.000244343)
(-4.22068e-05,-0.00020971)
(-2.54815e-05,-0.000209595)
(-3.62047e-05,-0.000192018)
(-2.31881e-05,-0.000142514)
(-1.95529e-05,-0.000142543)
(-9.9558e-06,-0.000117465)
(-1.27636e-05,-0.000110555)
(-2.15653e-05,-8.80405e-05)
(-2.667e-05,-6.98076e-05)
(-3.0054e-05,-6.87291e-05)
(-1.52865e-05,-8.24921e-05)
(-3.2329e-05,-8.3299e-05)
(-2.56359e-05,-6.4636e-05)
(-5.18651e-06,-5.44879e-05)
(-5.05252e-07,-7.37953e-05)
(-2.12082e-06,-6.43878e-05)
