(-0.0124766,-0.000281356)
(-0.00897125,0.00401867)
(-0.0111024,-0.000376048)
(-0.0100658,0.00223865)
(-0.0154168,0.00678858)
(-0.0144527,0.00312182)
(-0.0133541,0.0083759)
(-0.00822011,0.00764004)
(-0.0168568,0.0122744)
(-0.0126156,0.0107157)
(-0.00605678,0.0115828)
(-0.0075662,0.00690972)
(-0.0106491,0.00844963)
(-0.0140802,0.00543499)
(-0.0174365,0.00759614)
(-0.0158933,0.00553473)
(-0.0177275,0.0166519)
(-0.0226696,0.0112474)
(-0.0188785,0.0125482)
(-0.02115,0.0143761)
(-0.0192172,0.0209726)
(-0.0261186,0.020662)
(-0.01297,0.0185764)
(-0.0212015,0.0165095)
(-0.023662,0.0199225)
(-0.0251311,0.0302486)
(-0.0213399,0.0244087)
(-0.0148811,0.0330576)
(-0.00816684,0.0336476)
(-0.0111126,0.0276456)
(-0.0034182,0.0224673)
(-0.000239434,0.0208241)
(-0.0112882,0.0167988)
(-0.0138083,0.0178247)
(-0.00794717,0.0168142)
(-0.0180117,0.0214326)
(-0.0165776,0.0243733)
(-0.0130006,0.0294198)
(-0.0131676,0.0260412)
(-0.00948154,0.0297373)
(-0.012759,0.031656)
(-0.0153605,0.0343267)
(-0.00315875,0.0371887)
(0.00266273,0.0403672)
(-0.00229599,0.0316765)
(0.00417333,0.0291972)
(0.00966803,0.0316936)
(0.0017103,0.0304304)
(0.00517341,0.0221372)
(0.0141384,0.0308143)
(0.00513308,0.0261567)
(0.0118178,0.0248488)
(0.0120692,0.0240775)
(0.0116008,0.0285723)
(0.00995678,0.0302003)
(0.0259026,0.0265742)
(0.0150974,0.0241782)
(0.0184046,0.0212093)
(0.018527,0.0259668)
(0.0166165,0.0196915)
(0.0189163,0.024952)
(0.0216512,0.0214389)
(0.0161873,0.0240156)
(0.0244173,0.0255018)
(0.0326019,0.0277305)
(0.027169,0.020844)
(0.0352458,0.0231949)
(0.0420703,0.0213623)
(0.035289,0.0181247)
(0.0418028,0.0125725)
(0.04699,0.0161141)
(0.0396373,0.00888711)
(0.048778,0.00527749)
(0.049089,-0.00232094)
(0.0361656,-0.0023051)
(0.0350391,-0.00251605)
(0.0449661,0.00441049)
(0.0354253,0.00444406)
(0.0455855,-0.00010031)
(0.0465106,0.000860515)
(0.040589,-0.00127672)
(0.0429743,-0.00282037)
(0.0493715,-0.0053055)
(0.0393666,-0.00288642)
(0.0478931,-0.00520789)
(0.055884,-0.00491384)
(0.0525017,-0.00980965)
(0.0561803,-0.0154605)
(0.0614621,-0.0183284)
(0.0530539,-0.0230508)
(0.0578175,-0.0300378)
(0.0548944,-0.0345685)
(0.0439876,-0.03793)
(0.0413446,-0.0336384)
(0.0474942,-0.0321666)
(0.0401472,-0.0312669)
(0.0442773,-0.0365866)
(0.0439159,-0.0308143)
(0.0386768,-0.0386689)
(0.0438256,-0.034763)
(0.0449589,-0.0415169)
(0.0414311,-0.0450968)
(0.0394818,-0.0499177)
(0.041732,-0.046819)
(0.0312599,-0.0561107)
(0.0351645,-0.0520404)
(0.027767,-0.0493087)
(0.0341974,-0.0532424)
(0.0351255,-0.0507933)
(0.0399956,-0.0582706)
(0.0333622,-0.0675742)
(0.0297653,-0.0677817)
(0.0218864,-0.0664531)
(0.0238227,-0.0740765)
(0.0164212,-0.0697531)
(0.0129074,-0.0762572)
(0.0115419,-0.0744086)
(0.00330213,-0.0743477)
(0.00251772,-0.0725819)
(0.00230959,-0.0745016)
(-0.00675732,-0.0729463)
(-0.00535724,-0.071708)
(-0.00398711,-0.0664102)
(-0.00609446,-0.0725804)
(-0.00495877,-0.0697892)
(-0.00720032,-0.071559)
(-0.00672471,-0.076946)
(-0.00850274,-0.0790603)
(-0.012045,-0.0833058)
(-0.0168586,-0.0916735)
(-0.0280664,-0.085811)
(-0.0336394,-0.0858047)
(-0.0308812,-0.0795609)
(-0.0380991,-0.0827942)
(-0.0365173,-0.0817819)
(-0.0447913,-0.0805377)
(-0.0488618,-0.0810692)
(-0.05511,-0.0753069)
(-0.0552101,-0.0727929)
(-0.059531,-0.0740557)
(-0.0598866,-0.068066)
(-0.0632353,-0.0675559)
(-0.0573721,-0.0682769)
(-0.0665808,-0.0689862)
(-0.0645602,-0.0710802)
(-0.0704251,-0.0646288)
(-0.0718879,-0.0693309)
(-0.0738856,-0.0601752)
(-0.0751694,-0.0663924)
(-0.0784622,-0.0658506)
(-0.0885426,-0.0652239)
(-0.0909522,-0.0577011)
(-0.0920822,-0.0552619)
(-0.0952833,-0.0530273)
(-0.0976881,-0.0517812)
(-0.0997839,-0.0454367)
(-0.103612,-0.0484045)
(-0.107255,-0.0383957)
(-0.109707,-0.0395492)
(-0.107165,-0.0350716)
(-0.11709,-0.0360876)
(-0.115777,-0.0284216)
(-0.121497,-0.0218707)
(-0.115328,-0.0213798)
(-0.122077,-0.0135998)
(-0.117064,-0.00994439)
(-0.116495,-0.00329165)
(-0.114284,-0.00595575)
(-0.112455,-0.00383821)
(-0.113563,-0.00859704)
(-0.118501,-0.0100919)
(-0.129521,-0.00888849)
(-0.136294,-0.000306859)
(-0.135349,0.0088689)
(-0.137327,0.0148882)
(-0.136504,0.0227024)
(-0.138464,0.0276528)
(-0.135491,0.0311781)
(-0.136565,0.0388372)
(-0.133463,0.0416052)
(-0.133911,0.0490876)
(-0.130704,0.0454325)
(-0.131678,0.0542618)
(-0.128787,0.0562964)
(-0.126512,0.0624724)
(-0.128397,0.0587945)
(-0.124307,0.0640916)
(-0.128318,0.0648157)
(-0.125598,0.0737202)
(-0.13004,0.0747198)
(-0.123339,0.0807743)
(-0.123784,0.0839193)
(-0.122935,0.0869322)
(-0.13194,0.0939534)
(-0.125129,0.0985251)
(-0.124679,0.10628)
(-0.117834,0.110738)
(-0.119758,0.114257)
(-0.115323,0.113535)
(-0.112615,0.11977)
(-0.112741,0.12322)
(-0.113155,0.135283)
(-0.104763,0.133721)
(-0.0994104,0.139158)
(-0.0957037,0.141688)
(-0.0944923,0.147665)
(-0.0897811,0.145874)
(-0.0820494,0.148784)
(-0.0834843,0.148157)
(-0.084731,0.155685)
(-0.0815913,0.153481)
(-0.077859,0.159019)
(-0.0757469,0.16545)
(-0.0713283,0.170623)
(-0.0678499,0.168577)
(-0.0616629,0.170091)
(-0.0670733,0.171934)
(-0.0675364,0.183318)
(-0.0614725,0.186171)
(-0.0525187,0.192816)
(-0.04688,0.197701)
(-0.0391291,0.202233)
(-0.0321195,0.20005)
(-0.0219196,0.201389)
(-0.0196251,0.199156)
(-0.0161917,0.203397)
(-0.0087397,0.198226)
(-0.0040638,0.19662)
(-0.00554705,0.196095)
(-0.00726443,0.201358)
(-0.00348273,0.201915)
(0.0037266,0.207742)
(0.00697847,0.208425)
(0.00634868,0.214533)
(0.0162908,0.215536)
(0.022908,0.220489)
(0.0289987,0.222302)
(0.0312543,0.221625)
(0.0434125,0.22053)
(0.0504321,0.219596)
(0.0526481,0.215589)
(0.0504545,0.213259)
(0.0587014,0.21941)
(0.0638138,0.224157)
(0.0723741,0.225545)
(0.0803375,0.21869)
(0.0871869,0.221425)
(0.0930127,0.219185)
(0.0958046,0.214064)
(0.0988746,0.209303)
(0.100201,0.213062)
(0.104356,0.212414)
(0.107358,0.212448)
(0.116789,0.210131)
(0.114562,0.209098)
(0.118654,0.215663)
(0.12701,0.212222)
(0.134722,0.212115)
(0.140551,0.210005)
(0.142199,0.20855)
(0.148721,0.206164)
(0.155415,0.209736)
(0.162669,0.20702)
(0.163851,0.201633)
(0.176757,0.204239)
(0.184347,0.197681)
(0.185836,0.190573)
(0.192195,0.180856)
(0.189429,0.179154)
(0.189044,0.180081)
(0.193921,0.178767)
(0.200999,0.17763)
(0.199869,0.174313)
(0.202719,0.175892)
(0.208408,0.171679)
(0.210641,0.171693)
(0.218252,0.17156)
(0.218832,0.167281)
(0.226244,0.168221)
(0.237239,0.167639)
(0.241412,0.161646)
(0.247466,0.149684)
(0.250874,0.148936)
(0.251283,0.146392)
(0.253421,0.136507)
(0.263259,0.137048)
(0.262342,0.129862)
(0.257272,0.122909)
(0.266425,0.125572)
(0.265052,0.124266)
(0.265232,0.120163)
(0.275489,0.117163)
(0.275385,0.117295)
(0.277789,0.112482)
(0.287528,0.106851)
(0.289794,0.101635)
(0.284754,0.091804)
(0.286544,0.0916344)
(0.28821,0.0929891)
(0.287305,0.0914851)
(0.3006,0.0927315)
(0.306039,0.0854134)
(0.304628,0.0806717)
(0.316966,0.079179)
(0.317116,0.0695475)
(0.315819,0.0629485)
(0.324518,0.0565844)
(0.317181,0.0488566)
(0.314813,0.0467135)
(0.323934,0.0443917)
(0.31977,0.0399049)
(0.318768,0.0337503)
(0.32368,0.0319911)
(0.317318,0.0338556)
(0.318212,0.031216)
(0.329934,0.0321165)
(0.331038,0.029451)
(0.332025,0.0196267)
(0.339713,0.0181269)
(0.33823,0.0150837)
(0.337784,0.00748412)
(0.348244,0.00464778)
(0.347741,-0.000514725)
(0.342728,-0.00770518)
(0.352927,-0.0102747)
(0.352164,-0.013766)
(0.348336,-0.0221957)
(0.358606,-0.0278319)
(0.34979,-0.0343759)
(0.340561,-0.0386928)
(0.348187,-0.0359764)
(0.345368,-0.0363406)
(0.344349,-0.0356452)
(0.355756,-0.039682)
(0.355673,-0.0457055)
(0.350752,-0.0487577)
(0.362281,-0.0541924)
(0.360642,-0.0564783)
(0.356492,-0.0634212)
(0.367232,-0.06849)
(0.360642,-0.0716179)
(0.357863,-0.0738924)
(0.365988,-0.0747297)
(0.365681,-0.0805788)
(0.36604,-0.084412)
(0.373265,-0.0924937)
(0.368752,-0.0976414)
(0.360493,-0.101152)
(0.369152,-0.103906)
(0.366669,-0.105727)
(0.363694,-0.111413)
(0.370199,-0.113986)
(0.364464,-0.121136)
(0.359427,-0.125543)
(0.362944,-0.12206)
(0.36104,-0.124284)
(0.360264,-0.127793)
(0.366316,-0.127393)
(0.368932,-0.130503)
(0.366657,-0.133494)
(0.372954,-0.134704)
(0.37614,-0.139028)
(0.377478,-0.152074)
(0.382483,-0.153611)
(0.37569,-0.165046)
(0.372634,-0.175843)
(0.364667,-0.172589)
(0.36544,-0.173636)
(0.361612,-0.174724)
(0.361188,-0.175874)
(0.362543,-0.17379)
(0.366493,-0.183768)
(0.362417,-0.18012)
(0.357528,-0.183868)
(0.366234,-0.185718)
(0.364291,-0.190664)
(0.363888,-0.191553)
(0.364862,-0.196121)
(0.366126,-0.200528)
(0.360685,-0.20719)
(0.366029,-0.202493)
(0.3619,-0.205324)
(0.367807,-0.214125)
(0.365055,-0.215795)
(0.367224,-0.220603)
(0.359187,-0.225869)
(0.35684,-0.23129)
(0.349844,-0.228394)
(0.354723,-0.232073)
(0.35017,-0.22584)
(0.348731,-0.234433)
(0.354555,-0.233097)
(0.350737,-0.238044)
(0.346996,-0.23966)
(0.344095,-0.239826)
(0.345022,-0.241153)
(0.346328,-0.243102)
(0.34356,-0.239868)
(0.34351,-0.243116)
(0.347778,-0.247905)
(0.346401,-0.248997)
(0.340189,-0.247928)
(0.343677,-0.249944)
(0.344734,-0.25166)
(0.34515,-0.260016)
(0.343461,-0.255699)
(0.338071,-0.264424)
(0.342122,-0.269531)
(0.329591,-0.271017)
(0.323703,-0.26769)
(0.318235,-0.263201)
(0.322713,-0.261946)
(0.319086,-0.259431)
(0.321579,-0.253869)
(0.319717,-0.252421)
(0.330607,-0.258401)
(0.32627,-0.257291)
(0.323515,-0.260709)
(0.323313,-0.257113)
(0.327243,-0.260659)
(0.326769,-0.262618)
(0.323044,-0.26353)
(0.318565,-0.263197)
(0.323958,-0.26665)
(0.318682,-0.263934)
(0.311782,-0.269914)
(0.308024,-0.260306)
(0.307653,-0.259629)
(0.312926,-0.252338)
(0.307745,-0.254718)
(0.308317,-0.252429)
(0.309028,-0.250789)
(0.312456,-0.247645)
(0.308597,-0.253195)
(0.30822,-0.252084)
(0.301513,-0.247498)
(0.307852,-0.240332)
(0.30461,-0.235704)
(0.31184,-0.240276)
(0.309996,-0.232985)
(0.311349,-0.232744)
(0.314119,-0.230387)
(0.316815,-0.235086)
(0.315705,-0.237014)
(0.309869,-0.233783)
(0.304864,-0.231435)
(0.309743,-0.227641)
(0.308731,-0.222632)
(0.307944,-0.223756)
(0.304661,-0.218385)
(0.307278,-0.21477)
(0.308893,-0.206396)
(0.310136,-0.206965)
(0.309887,-0.207244)
(0.311393,-0.20171)
(0.307939,-0.192393)
(0.31353,-0.189915)
(0.320135,-0.183713)
(0.324811,-0.187052)
(0.326037,-0.180312)
(0.324454,-0.186456)
(0.33359,-0.178433)
(0.330699,-0.179926)
(0.335221,-0.181682)
(0.328437,-0.18262)
(0.329084,-0.179443)
(0.320582,-0.169511)
(0.325197,-0.165441)
(0.327679,-0.158745)
(0.33363,-0.153045)
(0.331006,-0.149939)
(0.335938,-0.146215)
(0.338122,-0.138072)
(0.345919,-0.136324)
(0.348312,-0.1316)
(0.355584,-0.13869)
(0.354046,-0.131795)
(0.353085,-0.133745)
(0.355011,-0.125897)
(0.356903,-0.122315)
(0.364932,-0.116416)
(0.363543,-0.117135)
(0.368986,-0.116058)
(0.369021,-0.114244)
(0.367893,-0.108121)
(0.371909,-0.105222)
(0.374812,-0.102807)
(0.379717,-0.100533)
(0.380577,-0.0989584)
(0.377267,-0.101187)
(0.380259,-0.091964)
(0.376183,-0.0891266)
(0.381533,-0.0798673)
(0.386725,-0.075938)
(0.395898,-0.0718345)
(0.394642,-0.0680083)
(0.403789,-0.0719983)
(0.402216,-0.0665867)
(0.406533,-0.0630935)
(0.407611,-0.0621901)
(0.413801,-0.0612038)
(0.418565,-0.0584566)
(0.419509,-0.0630339)
(0.418887,-0.0632422)
(0.420001,-0.0624625)
(0.412205,-0.0592853)
(0.414388,-0.0558307)
(0.414799,-0.0470766)
(0.417627,-0.0427886)
(0.419084,-0.0361466)
(0.425572,-0.0401554)
(0.427957,-0.0318314)
(0.427714,-0.0364668)
(0.430015,-0.0297157)
(0.430199,-0.031531)
(0.435134,-0.0235392)
(0.434224,-0.023696)
(0.44486,-0.021238)
(0.441279,-0.0217337)
(0.448163,-0.0228288)
(0.444658,-0.0271382)
(0.445783,-0.027606)
(0.438657,-0.0228611)
(0.438047,-0.0286129)
(0.434249,-0.0194592)
(0.43689,-0.014345)
(0.433287,-0.0121411)
(0.435987,-0.00962329)
(0.440216,-0.00422643)
(0.437988,-0.00937658)
(0.43953,-0.00638738)
(0.441215,-0.0053525)
(0.433785,-0.0074084)
(0.434825,-0.00637278)
(0.43542,-0.000223894)
(0.429187,-0.000331285)
(0.429436,0.00334078)
(0.434976,0.00432284)
(0.42976,0.007608)
(0.432687,0.00486498)
(0.433687,0.00703291)
(0.427642,0.00119168)
(0.427837,0.0021158)
(0.424592,-0.000638116)
(0.415416,0.00113825)
(0.409468,-0.0022386)
(0.410211,0.00323679)
(0.397242,0.0033214)
(0.397923,0.00979144)
(0.39255,0.0124667)
(0.390124,0.0140273)
(0.38692,0.0178286)
(0.391379,0.0224966)
(0.380506,0.0201077)
(0.384924,0.0188048)
(0.382694,0.0233757)
(0.376667,0.0167035)
(0.371597,0.0183678)
(0.371692,0.0154644)
(0.359375,0.0150714)
(0.357642,0.0126591)
(0.350906,0.0186373)
(0.337206,0.0115584)
(0.335605,0.0168151)
(0.331732,0.0178908)
(0.316468,0.0206853)
(0.312493,0.0195382)
(0.313596,0.0257917)
(0.29761,0.023188)
(0.296259,0.0285422)
(0.292611,0.0286479)
(0.28212,0.0283511)
(0.279086,0.0277868)
(0.278425,0.0323849)
(0.261077,0.0304682)
(0.263084,0.0284747)
(0.257946,0.0305548)
(0.242657,0.031288)
(0.236814,0.0299988)
(0.237117,0.0279439)
(0.217518,0.0283755)
(0.214986,0.0297588)
(0.208014,0.0308901)
(0.193555,0.0276288)
(0.187508,0.0289568)
(0.182626,0.0320915)
(0.164323,0.034239)
(0.161501,0.030268)
(0.154686,0.0337245)
(0.138537,0.0367066)
(0.132621,0.038992)
(0.129942,0.0358184)
(0.113151,0.0395599)
(0.108065,0.0422862)
(0.103148,0.0454347)
(0.0900652,0.0424787)
(0.0850919,0.0448438)
(0.0797972,0.0475339)
(0.0653944,0.0509654)
(0.0637071,0.0457946)
(0.0592544,0.0484005)
