1.1059e-07
9.87883e-09
1.0964e-07
7.71859e-10
1.11388e-07
1.10801e-07
5.02655e-09
1.99085e-08
1.80794e-07
7.8315e-08
1.12056e-07
5.20037e-08
8.3152e-09
1.48907e-07
6.49678e-09
5.45773e-08
1.34342e-07
1.62854e-08
8.73203e-08
1.19871e-08
1.26319e-07
6.52379e-08
2.33417e-07
2.14556e-07
1.54468e-07
1.92367e-07
5.23698e-08
1.36488e-07
7.37374e-08
5.29515e-08
2.79613e-08
1.11547e-07
1.33245e-07
1.75631e-07
1.23443e-09
7.40079e-08
2.21819e-07
1.40713e-08
1.46417e-07
1.75391e-07
7.91968e-08
2.80828e-08
2.48027e-07
3.38328e-08
1.03638e-07
2.72892e-07
4.21667e-09
1.13468e-07
2.24697e-07
4.23875e-08
5.48631e-08
4.85438e-08
2.04068e-08
8.87035e-08
2.27165e-07
1.18578e-07
7.73515e-08
2.53558e-08
1.35748e-08
4.31498e-08
6.28792e-08
1.46082e-08
3.24031e-08
7.67612e-08
7.5922e-08
7.26521e-08
4.0668e-08
2.6584e-08
1.8223e-07
2.57452e-08
1.46891e-08
8.78823e-08
4.61939e-08
3.17745e-08
3.6907e-07
1.83864e-07
2.13328e-07
2.43601e-07
7.55138e-08
1.71489e-07
2.53619e-08
2.83889e-08
1.06165e-07
6.81834e-08
1.22272e-09
2.77431e-07
1.99184e-08
1.16778e-07
5.72643e-08
6.34799e-08
5.65874e-08
9.7924e-08
3.82939e-07
1.8339e-07
1.6199e-07
1.43862e-07
2.21199e-08
1.05883e-07
4.78142e-08
9.9353e-08
1.03904e-07
4.45558e-08
2.24716e-08
4.34462e-08
2.51763e-07
3.96227e-09
2.39052e-07
6.56768e-10
2.87885e-07
1.15923e-07
2.34165e-07
5.78521e-08
7.49163e-08
9.4851e-08
7.5305e-08
5.83207e-08
3.43692e-08
1.34362e-07
6.52644e-09
4.40478e-08
5.40154e-08
1.25925e-08
1.45998e-07
2.05349e-08
5.36376e-08
1.19813e-08
1.10043e-07
3.25854e-08
3.51405e-08
2.62828e-07
2.68612e-07
1.78119e-07
1.92948e-07
5.73055e-08
8.81715e-08
1.43917e-08
6.12607e-08
3.16809e-08
3.85155e-08
4.29619e-08
3.63798e-08
3.5329e-09
3.2249e-07
4.57178e-08
1.72767e-07
2.66827e-08
1.95852e-07
5.68073e-08
6.42145e-08
1.24646e-07
2.55793e-07
6.52632e-08
3.34136e-08
4.31911e-10
5.25818e-09
4.07473e-08
7.01083e-08
3.9867e-08
1.63035e-08
2.10995e-07
1.66559e-07
9.99737e-09
7.83244e-08
2.0525e-07
5.73269e-08
1.59758e-08
2.95526e-08
1.62155e-07
1.40418e-07
3.54767e-07
5.24489e-07
1.01599e-06
6.1292e-07
2.04228e-07
1.84542e-07
1.39792e-07
1.09349e-07
3.56122e-08
9.96192e-08
3.132e-08
9.28993e-08
3.68327e-07
1.96167e-07
1.978e-07
1.00289e-07
6.68295e-07
1.51289e-07
6.98739e-07
3.76933e-07
1.25293e-06
2.83733e-07
5.34166e-07
3.73457e-07
2.06471e-06
7.37627e-07
1.2097e-06
5.18767e-07
1.38777e-06
7.46196e-07
1.08171e-06
1.48855e-06
3.26044e-06
1.60887e-06
1.82564e-06
1.92844e-06
3.55954e-06
2.73e-06
2.45102e-06
3.11468e-06
5.54071e-06
4.81789e-06
5.7807e-06
7.1999e-06
8.77653e-06
6.9448e-06
6.5421e-06
8.18465e-06
1.32558e-05
1.25775e-05
1.46974e-05
1.56064e-05
1.77942e-05
1.57871e-05
1.77833e-05
1.76647e-05
2.32241e-05
2.07867e-05
2.40303e-05
2.50565e-05
3.16372e-05
3.3997e-05
4.31405e-05
4.34796e-05
5.10094e-05
5.42672e-05
6.29075e-05
6.86269e-05
7.12028e-05
8.0036e-05
8.77098e-05
8.96118e-05
8.81271e-05
0.000110218
0.000124732
0.000142337
0.000145141
0.000166485
0.000178921
0.000187761
0.000199078
0.000222485
0.000247603
0.000264415
0.000300843
0.000311003
0.000348146
0.000383123
0.000429281
0.000457294
0.000480693
0.00053089
0.000576594
0.000632447
0.000664642
0.000748957
0.000812329
0.000865022
0.000931786
0.000975945
0.00105479
0.00113185
0.00125708
0.00134424
0.00142982
0.00157123
0.00169107
0.00182069
0.00193637
0.00212113
0.00228997
0.00245978
0.00268968
0.0028201
0.00301203
0.00325655
0.00349212
0.00373995
0.00395359
0.00424911
0.00452768
0.00484375
0.00522823
0.00553932
0.0059478
0.0063978
0.00684845
0.00729709
0.00766972
0.00816412
0.00867227
0.00923028
0.00994428
0.0105205
0.0111749
0.0119684
0.0126694
0.0134676
0.0142446
0.0150018
0.0159127
0.0168321
0.0178632
0.0188574
0.0197841
0.0209595
0.022114
0.0233634
0.0248257
0.0261061
0.027499
0.0290582
0.0305466
0.032176
0.0338894
0.0355613
0.0373691
0.0393468
0.041333
0.043443
0.0455069
0.0474778
0.0496802
0.0519368
0.0544747
0.0571492
0.0597076
0.0624667
0.0652675
0.0682262
0.0713047
0.074376
0.0774127
0.0805953
0.0840427
0.0874662
0.0911869
0.0949872
0.0986683
0.10243
0.106285
0.110369
0.114543
0.119002
0.123387
0.127436
0.131993
0.136612
0.141116
0.14595
0.150932
0.155666
0.160728
0.16634
0.171311
0.177109
0.183044
0.188073
0.193269
0.198889
0.204269
0.209641
0.215681
0.221371
0.227154
0.232906
0.238773
0.244786
0.250634
0.256914
0.263121
0.268449
0.274438
0.280808
0.286555
0.292574
0.299091
0.305158
0.310715
0.316207
0.32178
0.327764
0.33294
0.338693
0.344754
0.349792
0.355092
0.360127
0.365296
0.37015
0.375139
0.379898
0.384933
0.388947
0.393231
0.397796
0.401669
0.406092
0.410027
0.414122
0.417717
0.420372
0.423008
0.425699
0.42788
0.430117
0.432226
0.434454
0.436853
0.438127
0.439438
0.440911
0.442053
0.443156
0.443351
0.444007
0.444833
0.444416
0.443607
0.442512
0.441959
0.441255
0.439424
0.43794
0.436838
0.43545
0.433352
0.430439
0.427726
0.425366
0.422123
0.419286
0.415718
0.412741
0.409667
0.406255
0.402586
0.397952
0.393649
0.389588
0.385176
0.380205
0.37506
0.370217
0.36576
0.360331
0.355039
0.349238
0.343521
0.338186
0.332662
0.327572
0.321455
0.315879
0.310642
0.305258
0.299706
0.293362
0.287289
0.280811
0.274661
0.26882
0.26283
0.256421
0.250272
0.244316
0.23897
0.233134
0.22766
0.221614
0.215612
0.209667
0.204207
0.198881
0.193217
0.187821
0.182107
0.176858
0.17145
0.166535
0.161712
0.156422
0.151366
0.146066
0.141012
0.136268
0.131621
0.127523
0.122929
0.118597
0.114348
0.110259
0.106224
0.102604
0.0989921
0.0953359
0.0916283
0.0879068
0.0841892
0.0805546
0.0771934
0.0742525
0.0709299
0.0682023
0.0652315
0.0624121
0.0595735
0.0569542
0.0544648
0.0520873
0.0499765
0.0477973
0.0457639
0.0434686
0.0415839
0.0393216
0.0373331
0.0354187
0.0336821
0.0319872
0.030485
0.0289835
0.0275458
0.0261513
0.02479
0.0234387
0.0221204
0.0209252
0.019863
0.0187397
0.0178289
0.016916
0.0160669
0.0152075
0.0144016
0.0135439
0.0127519
0.011976
0.0111994
0.0104867
0.00979924
0.00926792
0.00865656
0.00818101
0.00770413
0.00732653
0.00686366
0.0065448
0.00611313
0.00578205
0.00541
0.0050758
0.00470295
0.00440121
0.00409527
0.00380333
0.00352135
0.00326808
0.0030679
0.00283138
0.00265048
0.00246015
0.00230786
0.00214495
0.00201718
0.00183668
0.00174343
0.00160547
0.00147341
0.00134796
0.00126773
0.00112565
0.00103825
0.000937582
0.0008421
0.000757211
0.000687934
0.000594177
0.000537851
0.000479265
0.000413974
0.000366379
0.000327244
0.000277236
0.000245123
0.000217724
0.000181893
0.000161461
0.000141164
0.000120723
0.000102922
9.17363e-05
