1.24867e-07
1.44684e-07
1.71408e-07
1.99552e-07
2.31951e-07
2.64326e-07
3.06454e-07
3.59231e-07
4.11588e-07
4.66814e-07
5.36364e-07
6.2109e-07
6.90612e-07
7.94711e-07
9.08716e-07
1.00401e-06
1.11897e-06
1.23574e-06
1.34887e-06
1.50487e-06
1.62027e-06
1.74029e-06
1.8826e-06
2.03075e-06
2.14381e-06
2.29484e-06
2.42957e-06
2.54417e-06
2.6868e-06
2.78891e-06
2.95058e-06
3.10908e-06
3.28273e-06
3.43852e-06
3.67598e-06
3.8784e-06
4.13524e-06
4.33256e-06
4.56344e-06
4.82255e-06
5.09884e-06
5.28242e-06
5.56476e-06
5.79793e-06
5.97188e-06
6.23807e-06
6.46644e-06
6.73327e-06
7.03325e-06
7.42125e-06
7.68043e-06
8.14118e-06
8.57662e-06
9.05039e-06
9.46734e-06
9.92884e-06
1.03711e-05
1.07347e-05
1.11955e-05
1.15038e-05
1.18958e-05
1.22752e-05
1.28016e-05
1.31097e-05
1.3815e-05
1.43761e-05
1.50509e-05
1.57621e-05
1.66711e-05
1.74129e-05
1.85439e-05
1.95779e-05
2.06985e-05
2.21734e-05
2.38467e-05
2.57906e-05
2.79656e-05
3.04944e-05
3.31288e-05
3.61747e-05
3.91833e-05
4.27558e-05
4.64236e-05
5.05687e-05
5.52664e-05
6.03167e-05
6.59099e-05
7.2308e-05
7.8926e-05
8.60807e-05
9.36194e-05
0.000102039
0.000110842
0.000120847
0.000131037
0.000142448
0.0001537
0.00016595
0.000178257
0.000191141
0.000205016
0.000219396
0.000235438
0.000251407
0.000268343
0.000286043
0.000304401
0.000323046
0.000343268
0.000363796
0.000384806
0.00040606
0.000427851
0.000449325
0.000471654
0.000494816
0.000519372
0.000542961
0.000567204
0.000591929
0.000616263
0.000642048
0.000667778
0.000693809
0.00071913
0.000743701
0.000770321
0.000795719
0.000823056
0.000849128
0.000876111
0.000902311
0.000929042
0.000956116
0.000983713
0.00100959
0.00103613
0.00106171
0.00109002
0.00111753
0.00114589
0.00117378
0.00120092
0.00122798
0.0012549
0.00128134
0.0013068
0.00132991
0.00135465
0.00137924
0.00140293
0.00142592
0.00144719
0.00147021
0.00149083
0.00151125
0.00153018
0.00154805
0.00156605
0.00158366
0.00160005
0.00161448
0.0016271
0.0016396
0.00165213
0.00166112
0.00167067
0.00167939
0.00168972
0.00169852
0.00170369
0.00170925
0.00171324
0.00171688
0.0017182
0.0017189
0.0017202
0.00172159
0.00171966
0.00171725
0.00171382
0.0017096
0.00170388
0.00169541
0.00168842
0.00168118
0.00167104
0.00166014
0.00164804
0.00163657
0.00162383
0.00160931
0.00159635
0.00158311
0.00156716
0.00154993
0.00153304
0.001516
0.00149863
0.00148009
0.00146408
0.00144944
0.00143232
0.00141677
0.00140223
0.00138853
0.00137467
0.00136179
0.00135122
0.00134158
0.00133063
0.00132215
0.00131591
0.00131088
0.00130788
0.00130885
0.00131016
0.00131453
0.00132007
0.00132962
0.00134185
0.00135756
0.001379
0.00140315
0.00143022
0.00146173
0.00149986
0.00153958
0.00158571
0.0016384
0.00169535
0.0017574
0.00182611
0.00190214
0.00198454
0.00207514
0.00217292
0.00227797
0.00239053
0.00251348
0.00264537
0.00278712
0.00294013
0.00310458
0.00327651
0.00346092
0.00365783
0.00386419
0.00408622
0.00431953
0.00456367
0.00482294
0.00509991
0.00538875
0.00569543
0.00602078
0.00635598
0.00671203
0.00708651
0.00747642
0.00788891
0.00832071
0.0087677
0.00923532
0.00972569
0.0102349
0.0107708
0.0113297
0.011907
0.0125135
0.0131447
0.0138
0.0144839
0.01519
0.0159234
0.0166872
0.0174819
0.0183114
0.0191671
0.0200541
0.0209773
0.021927
0.0229148
0.0239403
0.0249906
0.0260836
0.0272186
0.0283847
0.0295969
0.0308447
0.0321258
0.0334565
0.0348254
0.036242
0.0377043
0.0392
0.0407522
0.042348
0.0439834
0.0456767
0.0474093
0.0491862
0.0510219
0.0529102
0.0548391
0.0568208
0.0588732
0.0609677
0.0631287
0.0653622
0.0676243
0.0699537
0.0723494
0.0747928
0.077296
0.07986
0.0824946
0.085183
0.0879488
0.0907763
0.0936516
0.0966105
0.0996306
0.102726
0.105878
0.109093
0.112387
0.115746
0.119186
0.122682
0.126266
0.129912
0.133619
0.137409
0.141246
0.145165
0.149156
0.153235
0.157355
0.161551
0.165826
0.170164
0.174584
0.179049
0.183626
0.188251
0.192941
0.197703
0.202526
0.207402
0.212353
0.217376
0.222419
0.227554
0.232731
0.237977
0.243256
0.248593
0.253971
0.259408
0.264856
0.270354
0.275904
0.281492
0.287101
0.292705
0.298361
0.304009
0.309666
0.315309
0.321004
0.326649
0.332307
0.33792
0.343549
0.349124
0.354678
0.360169
0.365636
0.371021
0.376375
0.381636
0.386846
0.391962
0.396989
0.401905
0.406743
0.41146
0.416055
0.420489
0.424792
0.42894
0.432926
0.436748
0.440438
0.443926
0.447229
0.450303
0.453218
0.455898
0.458351
0.460559
0.462567
0.464315
0.465806
0.467033
0.468022
0.468735
0.469143
0.469301
0.4692
0.468829
0.46813
0.467152
0.465883
0.464337
0.462469
0.460336
0.457894
0.455163
0.452134
0.44882
0.445237
0.441341
0.437208
0.432768
0.428092
0.423115
0.417939
0.412471
0.406778
0.400842
0.394726
0.388384
0.381813
0.375065
0.368132
0.361044
0.3538
0.346424
0.338919
0.331261
0.323529
0.315689
0.307764
0.299767
0.291723
0.28367
0.275556
0.267471
0.259359
0.251274
0.243209
0.235196
0.227227
0.219302
0.211449
0.203695
0.19601
0.188463
0.180999
0.17367
0.166462
0.159399
0.15249
0.145711
0.139112
0.132664
0.12638
0.120272
0.114331
0.10856
0.102985
0.0975831
0.0923754
0.0873268
0.0824728
0.0778021
0.0733051
0.0690087
0.0648818
0.0609288
0.0571571
0.0535595
0.050119
0.046856
0.0437441
0.0408014
0.038006
0.0353621
0.0328644
0.030504
0.0282825
0.0261935
0.0242177
0.0223686
0.0206352
0.0190106
0.0174959
0.0160813
0.014754
0.0135278
0.0123831
0.0113202
0.0103387
0.00943127
0.00858918
0.0078169
0.00710082
0.0064397
0.00583597
0.0052809
0.00476859
0.00430251
0.00387584
0.00348658
0.00313394
0.00281426
0.00251965
0.00225742
0.00201732
0.00180022
0.00160368
0.00142855
0.00126755
0.00112616
0.000998158
0.000882939
0.000781272
0.000690534
0.000607498
0.000534071
0.000469477
0.000411285
0.000360363
0.000315677
0.000275365
0.000239906
0.000209192
0.000181679
0.000157452
0.000136552
0.00011855
0.000101938
8.80136e-05
7.59066e-05
6.53232e-05
5.58566e-05
4.80206e-05
4.10469e-05
3.50233e-05
3.00001e-05
2.54704e-05
2.16323e-05
1.82664e-05
1.54588e-05
1.31837e-05
1.10976e-05
9.31883e-06
7.9821e-06
6.69756e-06
5.55106e-06
4.74945e-06
4.0419e-06
3.2775e-06
2.75947e-06
2.23625e-06
1.89962e-06
1.57153e-06
1.27002e-06
1.06955e-06
9.11075e-07
7.06199e-07
5.80268e-07
5.01532e-07
4.0643e-07
3.26781e-07
2.7348e-07
2.29047e-07
1.8688e-07
1.42184e-07
1.01854e-07
8.59374e-08
7.69768e-08
6.31568e-08
4.57596e-08
4.45794e-08
3.81816e-08
2.08479e-08
2.0701e-08
1.38971e-08
1.23853e-08
8.21619e-09
5.58439e-09
5.62693e-09
7.03863e-09
7.98389e-09
4.83501e-09
2.99583e-09
5.44601e-09
4.15029e-09
