2.2327e-07
7.86792e-08
1.10891e-06
1.24734e-07
4.82454e-07
6.53153e-07
1.98981e-07
5.10774e-07
1.11567e-06
4.71202e-07
1.31087e-06
9.99777e-07
1.39459e-07
1.6037e-06
3.18466e-07
5.41531e-07
1.31311e-06
3.28716e-07
4.62507e-07
9.53636e-08
1.4949e-06
1.51733e-06
1.45142e-06
1.84495e-06
9.52852e-07
3.01107e-06
3.54161e-07
2.0265e-06
1.74525e-06
2.21467e-07
1.18919e-06
2.87334e-06
5.29314e-07
1.136e-06
9.00811e-07
1.63381e-07
1.29955e-06
4.86283e-07
3.20524e-07
8.0176e-07
2.05372e-06
5.41766e-07
1.97927e-06
1.54442e-06
2.45303e-07
1.48855e-06
6.58628e-07
2.32542e-07
2.04748e-06
5.57147e-07
6.83608e-08
3.01694e-07
4.80318e-07
2.13911e-07
2.25015e-06
1.39515e-06
4.66581e-07
2.7145e-07
2.45175e-07
7.77395e-07
3.00959e-07
2.71536e-07
4.49342e-07
7.85486e-07
1.31173e-06
4.14945e-07
3.14499e-07
1.05917e-06
5.7233e-07
3.94829e-07
8.73218e-07
2.98524e-07
1.60439e-06
2.05266e-06
3.45021e-06
2.59719e-06
8.26531e-07
2.52057e-06
2.93747e-07
6.59195e-07
5.351e-07
3.18251e-08
5.92889e-07
2.006e-06
3.71111e-07
2.2698e-06
4.87051e-07
3.61371e-07
1.4125e-06
8.59852e-08
1.08031e-06
1.81391e-06
3.09604e-06
2.23905e-06
6.20565e-07
2.10007e-06
9.36529e-08
1.13035e-06
7.09522e-07
1.33643e-06
1.21129e-06
4.20514e-08
3.12688e-07
9.05521e-07
2.83195e-06
1.35667e-08
2.57743e-06
1.4393e-07
3.12647e-06
2.1371e-06
1.95405e-06
3.04844e-07
4.32301e-07
1.18754e-06
3.99792e-07
4.16628e-07
2.04832e-07
9.51067e-07
2.83143e-08
3.29382e-07
9.47584e-07
3.77576e-07
2.26505e-06
2.9748e-08
1.19391e-06
1.16164e-06
1.24311e-06
2.26005e-06
1.29876e-06
4.83586e-06
8.44113e-07
8.12208e-07
1.35602e-06
4.05334e-08
1.33655e-06
1.16204e-07
9.1652e-07
1.45259e-08
4.27652e-07
5.22428e-07
6.25102e-07
1.94128e-07
5.05279e-06
4.68244e-07
3.34261e-06
1.76295e-07
2.74141e-06
7.8102e-07
3.31833e-06
5.32676e-06
3.42839e-06
8.73644e-07
7.63505e-07
1.52088e-06
2.12e-06
5.87961e-07
5.1488e-06
6.6154e-07
3.31483e-06
3.7735e-06
7.5199e-06
3.00487e-06
3.86546e-06
5.06506e-06
3.49773e-06
2.26808e-06
5.55717e-07
3.81655e-06
2.59928e-06
9.07809e-06
1.55219e-05
2.39827e-05
2.09263e-05
1.12255e-05
1.36623e-05
1.03881e-05
1.31681e-05
1.03733e-05
1.27221e-05
1.01744e-05
1.22524e-05
1.67928e-05
1.62334e-05
1.65341e-05
1.30826e-05
2.71666e-05
1.70962e-05
3.19888e-05
2.62551e-05
4.79673e-05
2.7792e-05
3.49929e-05
3.44506e-05
7.389e-05
5.05968e-05
5.96422e-05
4.69638e-05
6.96509e-05
5.6444e-05
6.48895e-05
7.74425e-05
0.000116929
8.66779e-05
8.96738e-05
9.57451e-05
0.000126876
0.0001117
0.00010214
0.000116128
0.000159884
0.000149285
0.000165291
0.000197376
0.00022177
0.000195481
0.000185335
0.00021875
0.000301725
0.000301497
0.000335996
0.000367199
0.000402469
0.000380531
0.0004065
0.000407187
0.000481483
0.000443291
0.000471075
0.000478714
0.000552601
0.000576876
0.000682697
0.000685492
0.000773203
0.000810708
0.000910627
0.000976043
0.00100545
0.00108707
0.00116942
0.00115478
0.00111207
0.00132077
0.0014521
0.00159945
0.00160799
0.00178881
0.0018666
0.00191059
0.00194904
0.00210523
0.0022648
0.00234468
0.00258179
0.00259327
0.00281971
0.00302762
0.00332467
0.00344326
0.00352442
0.00379913
0.00404254
0.00433211
0.00444011
0.00493445
0.00524909
0.00546582
0.00572139
0.00580537
0.0060869
0.00633386
0.00690675
0.00717231
0.0073896
0.00795362
0.00836836
0.00875476
0.00905776
0.00979082
0.0103275
0.0109061
0.0117841
0.0119595
0.0124936
0.0132687
0.013915
0.0145647
0.0149647
0.0157075
0.0162986
0.0170694
0.0180564
0.0186353
0.0196898
0.0208001
0.0219178
0.0228855
0.0232562
0.0242215
0.0251166
0.0261229
0.0278792
0.0288457
0.0300522
0.031856
0.0331143
0.0346244
0.0359016
0.0369863
0.0385065
0.0399632
0.0418163
0.0431582
0.0441222
0.0459845
0.0474609
0.0493271
0.0518651
0.0534175
0.055319
0.0576556
0.0595156
0.0617505
0.0641355
0.066085
0.0683822
0.0711729
0.0737024
0.0765277
0.0788527
0.0804952
0.0827307
0.084901
0.0878817
0.091047
0.0936265
0.0966105
0.0994894
0.102775
0.10609
0.109157
0.111812
0.114598
0.11811
0.121264
0.125166
0.129084
0.132368
0.135531
0.138692
0.142528
0.146158
0.150624
0.154519
0.156892
0.160751
0.164413
0.167522
0.17125
0.175432
0.178323
0.182238
0.187681
0.19081
0.196721
0.202601
0.205623
0.208809
0.213157
0.216431
0.219627
0.224516
0.228196
0.232265
0.235744
0.239649
0.243872
0.247581
0.25242
0.257036
0.258953
0.263022
0.26787
0.271128
0.275272
0.28077
0.285132
0.288009
0.290913
0.293752
0.298335
0.300109
0.304403
0.308855
0.311412
0.314302
0.316969
0.319853
0.322455
0.325446
0.328121
0.33178
0.332972
0.335278
0.338542
0.340338
0.344263
0.34697
0.350726
0.353247
0.353853
0.354484
0.355649
0.355781
0.35647
0.357145
0.358536
0.361122
0.360856
0.361422
0.362588
0.363825
0.365058
0.364583
0.365621
0.36804
0.367017
0.365882
0.363864
0.364493
0.364244
0.362151
0.360808
0.3618
0.361572
0.360635
0.357249
0.355477
0.354419
0.351736
0.350459
0.347632
0.346885
0.3461
0.345091
0.343513
0.339782
0.337098
0.335642
0.333228
0.329728
0.325762
0.323252
0.32158
0.317742
0.314226
0.30989
0.305361
0.302586
0.298973
0.297406
0.292227
0.289701
0.287426
0.285596
0.282453
0.27804
0.273632
0.268578
0.263957
0.260701
0.25645
0.251197
0.246547
0.242537
0.240118
0.236166
0.233376
0.228482
0.223956
0.219089
0.215954
0.21257
0.208419
0.204543
0.199909
0.196105
0.191969
0.188731
0.186076
0.181052
0.177129
0.171654
0.167183
0.162937
0.15927
0.156646
0.152457
0.148582
0.145123
0.141554
0.138102
0.135737
0.133102
0.129967
0.126481
0.122596
0.118391
0.114287
0.110711
0.108483
0.104292
0.102313
0.0989027
0.095992
0.092501
0.0898801
0.0871263
0.0848623
0.0830733
0.0809849
0.078978
0.0758929
0.0740936
0.070581
0.0678387
0.0653227
0.0631375
0.0608663
0.0592963
0.0573455
0.0555154
0.0537445
0.0518362
0.0496892
0.0477277
0.0459112
0.0445736
0.0428113
0.0417995
0.040522
0.0395869
0.0382244
0.0370394
0.0355019
0.0341079
0.0325573
0.0310296
0.0295375
0.0280855
0.0273576
0.0259903
0.0252169
0.0243856
0.023944
0.0228721
0.0225984
0.0214925
0.0209314
0.0200205
0.0192644
0.0181319
0.0174403
0.0165508
0.0157042
0.0148011
0.0140802
0.0135466
0.0127577
0.0122242
0.0116136
0.0111572
0.0106133
0.0102189
0.00942313
0.00922543
0.00866091
0.0080553
0.00751144
0.00726835
0.00648612
0.00609939
0.00560939
0.00509855
0.00466179
0.00431212
0.00371228
0.00345916
0.00313192
0.002693
0.0024248
0.00222732
0.00186681
0.00167964
0.00151885
0.00126839
0.00114463
0.00101599
0.000854563
0.000754834
0.000683613
