8.47926e-09
1.07536e-08
9.31498e-09
1.13773e-08
1.13371e-08
1.44594e-08
1.24996e-08
1.32646e-08
1.57576e-08
1.6722e-08
1.27218e-08
1.5949e-08
1.43454e-08
1.22708e-08
1.30451e-08
1.35265e-08
1.08732e-08
1.29398e-08
1.19727e-08
8.69857e-09
1.23987e-08
1.03695e-08
1.17284e-08
1.36568e-08
1.31398e-08
1.0957e-08
1.84615e-08
1.86067e-08
2.09957e-08
2.50362e-08
3.04289e-08
3.29258e-08
3.33383e-08
3.09022e-08
3.59347e-08
3.07769e-08
2.85705e-08
2.87906e-08
2.74301e-08
2.42095e-08
2.71817e-08
2.0092e-08
1.81014e-08
2.03617e-08
1.80226e-08
1.75244e-08
1.8812e-08
1.3831e-08
1.57724e-08
1.47614e-08
9.85588e-09
1.05161e-08
1.30403e-08
7.35101e-09
8.03095e-09
1.20858e-08
9.78599e-09
1.58306e-08
2.02278e-08
2.27943e-08
2.93928e-08
4.6973e-08
4.48395e-08
6.16908e-08
7.73435e-08
8.98872e-08
1.05372e-07
1.34097e-07
1.42649e-07
1.78288e-07
2.08328e-07
2.33454e-07
2.68448e-07
3.27984e-07
3.5248e-07
3.98363e-07
4.30332e-07
4.71681e-07
5.24164e-07
5.97874e-07
6.55455e-07
7.35687e-07
8.08831e-07
8.93835e-07
9.67782e-07
1.02653e-06
1.14048e-06
1.23046e-06
1.34056e-06
1.49845e-06
1.6074e-06
1.73991e-06
1.94733e-06
2.065e-06
2.1868e-06
2.40627e-06
2.51722e-06
2.69963e-06
2.90324e-06
3.02315e-06
3.1647e-06
3.35032e-06
3.53792e-06
3.72939e-06
3.95307e-06
4.20714e-06
4.43927e-06
4.66336e-06
4.91795e-06
5.16379e-06
5.40589e-06
5.77602e-06
6.09069e-06
6.37144e-06
6.72811e-06
7.06795e-06
7.46004e-06
7.92294e-06
8.38101e-06
8.82296e-06
9.33119e-06
9.87821e-06
1.04729e-05
1.10152e-05
1.16989e-05
1.22793e-05
1.29422e-05
1.36228e-05
1.44497e-05
1.51561e-05
1.61487e-05
1.70825e-05
1.81588e-05
1.91317e-05
2.03575e-05
2.15298e-05
2.28308e-05
2.41638e-05
2.57938e-05
2.72907e-05
2.91528e-05
3.09429e-05
3.29728e-05
3.48168e-05
3.69841e-05
3.92022e-05
4.15413e-05
4.3955e-05
4.65109e-05
4.92355e-05
5.2023e-05
5.51619e-05
5.83056e-05
6.16598e-05
6.50781e-05
6.87445e-05
7.24191e-05
7.6267e-05
8.02985e-05
8.47217e-05
8.89373e-05
9.36373e-05
9.82243e-05
0.000103339
0.000108456
0.000113909
0.000119652
0.000125436
0.000131764
0.000138172
0.000144694
0.000150841
0.000157583
0.000164429
0.000171876
0.000178987
0.000186863
0.000195073
0.000203294
0.000211742
0.000220324
0.000229698
0.000238833
0.00024835
0.000258057
0.000268919
0.000279354
0.00029036
0.000301258
0.000313155
0.000325302
0.000337686
0.000350649
0.000364312
0.000378076
0.000392159
0.000406835
0.000422603
0.000439015
0.000455661
0.000473046
0.000491479
0.000510369
0.000529588
0.000550034
0.000571131
0.000593627
0.000616257
0.000640951
0.000666248
0.000693173
0.000720189
0.00074986
0.00077995
0.00081254
0.000845898
0.000881624
0.000917404
0.000955795
0.000994942
0.00103689
0.0010804
0.00112641
0.0011743
0.00122413
0.00127605
0.00133064
0.00138774
0.00144712
0.00150991
0.00157389
0.00163995
0.00171019
0.00178273
0.00185677
0.0019353
0.00201598
0.00209948
0.00218583
0.00227639
0.00237005
0.00246829
0.00256794
0.00267038
0.00277634
0.00288508
0.00299796
0.00311407
0.00323388
0.00335681
0.00348337
0.00361221
0.00374469
0.0038792
0.0040179
0.00415963
0.0043026
0.00444969
0.00460132
0.00475584
0.00491212
0.00507284
0.00523436
0.00539988
0.00556906
0.00573867
0.00591206
0.00608804
0.00626809
0.00645112
0.00663671
0.00682388
0.00701444
0.00720942
0.00740557
0.00760703
0.00781097
0.00801742
0.00822834
0.00844117
0.00865934
0.00888227
0.00911154
0.00934744
0.00958793
0.00983546
0.0100907
0.0103551
0.010627
0.0109089
0.0112032
0.0115063
0.0118249
0.0121575
0.0124992
0.0128604
0.0132417
0.0136394
0.0140616
0.0145062
0.014969
0.0154613
0.0159835
0.0165301
0.0171127
0.0177315
0.0183826
0.0190804
0.0198214
0.0205989
0.0214314
0.0223157
0.0232469
0.0242464
0.0253032
0.0264128
0.0275998
0.0288529
0.0301717
0.0315787
0.0330659
0.0346314
0.0362942
0.0380489
0.0398909
0.0418417
0.0438955
0.0460484
0.0483197
0.0507052
0.0532082
0.055839
0.0585931
0.0614682
0.0644837
0.0676386
0.0709234
0.0743599
0.0779355
0.0816558
0.0855384
0.0895737
0.0937596
0.0981017
0.102606
0.107262
0.112085
0.117068
0.122219
0.127539
0.133005
0.13864
0.144433
0.150386
0.156507
0.16278
0.169201
0.175782
0.182507
0.18937
0.196387
0.203527
0.21079
0.218195
0.225696
0.233314
0.241065
0.248911
0.256842
0.264858
0.272951
0.281102
0.289312
0.297567
0.305873
0.314198
0.322532
0.330872
0.339204
0.347519
0.355813
0.364046
0.372231
0.380351
0.388388
0.396324
0.404171
0.411908
0.419501
0.426949
0.434237
0.44137
0.448294
0.455015
0.461543
0.467847
0.473911
0.479729
0.485303
0.490595
0.495605
0.500308
0.504738
0.508845
0.512621
0.516079
0.519194
0.521976
0.5244
0.526478
0.5282
0.529556
0.530528
0.531143
0.531368
0.531218
0.530682
0.529755
0.528465
0.526789
0.52475
0.522328
0.519535
0.516378
0.512875
0.508993
0.504792
0.500233
0.495368
0.490147
0.484625
0.478806
0.472693
0.466279
0.459613
0.452693
0.445547
0.438143
0.430534
0.422711
0.414703
0.406516
0.39818
0.389679
0.381055
0.372311
0.363488
0.35456
0.345568
0.33652
0.327447
0.318334
0.309224
0.30009
0.290997
0.281911
0.272897
0.263919
0.255013
0.246183
0.237443
0.228814
0.220298
0.211896
0.203626
0.195496
0.187525
0.179708
0.172056
0.164576
0.157261
0.15013
0.143187
0.136428
0.129855
0.123477
0.117296
0.111309
0.105524
0.0999369
0.0945526
0.0893566
0.0843703
0.0795732
0.0749684
0.0705623
0.0663403
0.0623032
0.0584482
0.0547689
0.0512705
0.0479411
0.0447809
0.0417814
0.0389374
0.0362465
0.0337011
0.0312982
0.0290337
0.0269034
0.0248988
0.0230207
0.0212538
0.0195984
0.0180529
0.016608
0.0152608
0.0140082
0.0128431
0.0117582
0.0107523
0.00982126
0.00895471
0.00815902
0.00742348
0.00674574
0.0061202
0.0055495
0.00502003
0.00453848
0.00409656
0.00369153
0.0033228
0.0029883
0.00268229
0.00240557
0.00215519
0.00192678
0.00172099
0.00153538
0.00136649
0.00121529
0.0010795
0.000956747
0.000846902
0.000749607
0.000661894
0.000583653
0.000514639
0.000451993
0.000396529
0.00034748
0.000303958
0.000265004
0.000231611
0.000201462
0.000175237
0.000152333
0.000132204
0.000114391
9.92842e-05
8.55361e-05
7.38423e-05
6.37293e-05
5.46665e-05
4.67969e-05
4.02555e-05
3.42678e-05
2.9122e-05
2.50127e-05
2.11481e-05
1.79389e-05
1.52118e-05
1.29005e-05
1.0833e-05
9.24081e-06
7.72891e-06
6.53872e-06
5.48481e-06
4.61406e-06
3.82965e-06
3.27761e-06
2.6903e-06
2.25565e-06
1.86495e-06
1.5785e-06
1.26554e-06
1.07549e-06
8.82697e-07
7.2571e-07
5.92426e-07
4.8872e-07
3.87196e-07
3.22954e-07
2.52226e-07
2.0492e-07
1.71184e-07
1.38676e-07
1.0838e-07
8.48372e-08
6.9432e-08
5.57575e-08
4.57864e-08
3.53473e-08
3.15042e-08
2.37661e-08
2.03664e-08
1.58944e-08
1.36318e-08
1.0654e-08
1.05579e-08
