2.91698e-07
3.4663e-07
3.83142e-07
4.62613e-07
5.40349e-07
6.4823e-07
7.174e-07
8.63894e-07
9.98951e-07
1.16702e-06
1.32459e-06
1.5577e-06
1.75706e-06
2.08023e-06
2.33182e-06
2.63317e-06
2.96168e-06
3.42437e-06
3.72307e-06
4.23126e-06
4.6243e-06
5.10088e-06
5.60901e-06
6.18653e-06
6.55872e-06
7.18297e-06
7.76039e-06
8.13738e-06
8.65716e-06
9.25076e-06
9.7068e-06
1.02468e-05
1.07836e-05
1.1156e-05
1.19174e-05
1.23761e-05
1.28378e-05
1.33439e-05
1.40808e-05
1.4525e-05
1.51681e-05
1.55207e-05
1.62176e-05
1.67163e-05
1.70594e-05
1.77728e-05
1.83671e-05
1.91251e-05
2.02953e-05
2.15774e-05
2.28237e-05
2.54517e-05
2.78064e-05
3.06445e-05
3.41796e-05
3.81805e-05
4.25268e-05
4.757e-05
5.33332e-05
5.94479e-05
6.69419e-05
7.52838e-05
8.53315e-05
9.52011e-05
0.000108384
0.000121914
0.000136569
0.000152719
0.000170741
0.000188863
0.000209899
0.000231946
0.000254993
0.000281072
0.000308475
0.000337895
0.000368003
0.000399181
0.000432038
0.000465254
0.000499153
0.000535554
0.000573106
0.00061259
0.000653813
0.000695775
0.000736937
0.000780404
0.000822119
0.000866033
0.000907818
0.000952685
0.000996338
0.00104068
0.00108318
0.00112261
0.00116452
0.00120172
0.00124148
0.00128101
0.00132059
0.00135623
0.00139518
0.00142795
0.00145838
0.00148986
0.00151933
0.00154761
0.00157122
0.0015928
0.00161105
0.00162304
0.00163798
0.00165149
0.00165935
0.00166938
0.00167293
0.00167608
0.00167293
0.00167174
0.00166781
0.00166059
0.00165022
0.00163666
0.00162145
0.00160448
0.00158883
0.00157001
0.00154871
0.00152341
0.00149702
0.00147143
0.00144513
0.00141638
0.00138769
0.00135743
0.00133017
0.001302
0.00127747
0.00125066
0.00122228
0.00119377
0.00116794
0.00114017
0.0011124
0.00108245
0.0010565
0.00102978
0.00100512
0.000982335
0.000957246
0.000933753
0.000909821
0.000890012
0.000868313
0.000846065
0.000824748
0.000806513
0.000787535
0.000768735
0.000748395
0.000729189
0.000711398
0.000692428
0.00067662
0.000658572
0.000644784
0.000631567
0.000619809
0.00060863
0.000596659
0.000587161
0.000578879
0.000571545
0.000565466
0.000561967
0.000560916
0.00056259
0.000563209
0.000566672
0.000573059
0.000580764
0.00059042
0.000600988
0.000616894
0.000636043
0.000654465
0.000676783
0.00070239
0.000732802
0.000764787
0.000800054
0.000841687
0.000888043
0.000933518
0.000982829
0.00103726
0.00109473
0.00115473
0.00121688
0.00128867
0.00136572
0.00144202
0.00152516
0.00161585
0.00171049
0.00180871
0.00191142
0.00202561
0.00214142
0.00225915
0.00238169
0.00251737
0.00265231
0.00279697
0.00294929
0.00310576
0.00326912
0.00343417
0.0036106
0.00379082
0.00398335
0.00418481
0.00439491
0.00460644
0.00483133
0.00506909
0.00530631
0.00555675
0.00582127
0.00609004
0.00636607
0.00665532
0.00695319
0.0072646
0.00758765
0.00791563
0.00824898
0.00859879
0.00895968
0.00933136
0.00972162
0.010125
0.0105441
0.0109678
0.011408
0.01186
0.0123221
0.0128026
0.0132858
0.0137806
0.0142914
0.0148259
0.0153705
0.01593
0.0165091
0.0170921
0.0177028
0.0183289
0.0189716
0.0196385
0.0203158
0.0210101
0.0217179
0.0224468
0.0231991
0.0239719
0.0247627
0.0255735
0.0264104
0.0272665
0.0281516
0.029046
0.0299501
0.0308967
0.0318589
0.0328535
0.0338918
0.0349276
0.0359964
0.0371073
0.0382228
0.0393759
0.0405579
0.0417485
0.0429849
0.0442533
0.0455445
0.0468681
0.0482059
0.0495851
0.0510029
0.0524439
0.0539419
0.0554604
0.0570014
0.0586113
0.0602482
0.0619115
0.0636276
0.0653795
0.0671561
0.0689814
0.0708615
0.0727377
0.0746712
0.0766948
0.0787286
0.0808428
0.0830169
0.0851993
0.0874581
0.0897635
0.0921164
0.0945111
0.0969617
0.0994937
0.102066
0.104709
0.107394
0.110139
0.112959
0.115834
0.118788
0.12176
0.124814
0.127932
0.131119
0.134396
0.137698
0.141122
0.144607
0.148133
0.151737
0.155427
0.15918
0.163004
0.166951
0.170888
0.174916
0.179033
0.183206
0.187451
0.191762
0.196201
0.20069
0.205246
0.209859
0.21458
0.21934
0.22419
0.2291
0.234048
0.239097
0.244185
0.249342
0.25454
0.259805
0.265074
0.270428
0.275769
0.28118
0.286648
0.29219
0.29771
0.303227
0.308803
0.314371
0.319907
0.325445
0.331036
0.336568
0.342083
0.347537
0.353036
0.358458
0.363821
0.369097
0.374351
0.37949
0.384579
0.389512
0.394422
0.399209
0.403855
0.408372
0.412843
0.417171
0.421334
0.425263
0.429076
0.432707
0.436093
0.439294
0.442373
0.445215
0.447805
0.450131
0.45231
0.454257
0.455866
0.457246
0.458414
0.459339
0.459931
0.460264
0.460325
0.460132
0.45952
0.458719
0.457616
0.456276
0.454538
0.452541
0.450236
0.447688
0.444796
0.441666
0.438215
0.434476
0.430496
0.426217
0.421714
0.416878
0.411883
0.406594
0.401083
0.395303
0.389369
0.383184
0.37679
0.370229
0.363532
0.356667
0.349577
0.342364
0.335007
0.327538
0.320005
0.312373
0.304689
0.296893
0.2891
0.281258
0.273334
0.265423
0.257468
0.249587
0.241662
0.233829
0.225998
0.218236
0.210563
0.202989
0.195477
0.188062
0.18073
0.173558
0.166464
0.159558
0.152749
0.146077
0.139577
0.133218
0.127042
0.120998
0.115155
0.109472
0.103953
0.0986132
0.0934483
0.0884286
0.0836433
0.0790077
0.074569
0.0702777
0.0661669
0.0622319
0.0584529
0.0548611
0.0514282
0.0481455
0.0450385
0.0420842
0.0392577
0.0365967
0.0340628
0.0316719
0.0294167
0.0272821
0.0252762
0.0233946
0.0216274
0.0199729
0.0184109
0.0169535
0.0155967
0.0143311
0.0131547
0.0120621
0.0110346
0.0100915
0.0092107
0.00839255
0.00764174
0.00695249
0.00631294
0.00572962
0.00519298
0.0046949
0.00424969
0.00383725
0.00345832
0.00311136
0.00279841
0.00250817
0.00225075
0.00201494
0.00179929
0.00160934
0.00143571
0.00127823
0.00113655
0.00101049
0.000893324
0.000791273
0.000698122
0.000615937
0.000544226
0.000480394
0.00042162
0.000369678
0.000323651
0.000283603
0.000247495
0.000216401
0.000188779
0.000164395
0.000142271
0.000123886
0.0001069
9.21379e-05
8.02818e-05
6.87016e-05
5.86734e-05
5.0931e-05
4.38617e-05
3.69993e-05
3.18622e-05
2.74152e-05
2.32617e-05
2.02219e-05
1.71945e-05
1.46353e-05
1.24737e-05
1.04462e-05
8.88631e-06
7.50177e-06
6.27332e-06
5.18729e-06
4.38933e-06
3.56172e-06
3.03774e-06
2.65414e-06
2.18307e-06
1.78565e-06
1.42018e-06
1.27996e-06
1.01654e-06
8.0825e-07
7.19908e-07
6.19148e-07
4.49929e-07
3.78983e-07
2.93649e-07
2.48521e-07
1.97916e-07
1.56568e-07
1.4118e-07
1.48552e-07
1.04206e-07
5.02239e-08
4.70086e-08
3.6336e-08
2.85088e-08
1.40723e-08
2.09949e-08
1.94886e-08
1.64503e-08
1.69238e-08
1.05787e-08
1.81495e-08
1.21147e-08
3.34498e-09
3.97692e-09
6.34323e-09
7.25643e-09
3.92013e-09
5.92517e-10
4.20292e-09
4.14588e-09
