3.00212e-08
3.27697e-08
4.11365e-08
4.48345e-08
5.07817e-08
5.48915e-08
6.27505e-08
6.98509e-08
7.68179e-08
8.21111e-08
9.29753e-08
1.02807e-07
1.12186e-07
1.21748e-07
1.31344e-07
1.3727e-07
1.42451e-07
1.44286e-07
1.49953e-07
1.55967e-07
1.49558e-07
1.52504e-07
1.52632e-07
1.48568e-07
1.52459e-07
1.43399e-07
1.32932e-07
1.2565e-07
1.23839e-07
1.09521e-07
1.15699e-07
1.12924e-07
1.12488e-07
1.17597e-07
1.17583e-07
1.10875e-07
1.21959e-07
1.17675e-07
1.08816e-07
1.18046e-07
1.24952e-07
1.16397e-07
1.24255e-07
1.29915e-07
1.32147e-07
1.55937e-07
1.73939e-07
1.89453e-07
2.35527e-07
2.75417e-07
3.13146e-07
3.9201e-07
4.83043e-07
5.56807e-07
6.91005e-07
8.23267e-07
9.67113e-07
1.16976e-06
1.37092e-06
1.54823e-06
1.80156e-06
2.06891e-06
2.32217e-06
2.63709e-06
2.99989e-06
3.36632e-06
3.83501e-06
4.30851e-06
4.79492e-06
5.38846e-06
5.95143e-06
6.54677e-06
7.20241e-06
7.95026e-06
8.65661e-06
9.6345e-06
1.03853e-05
1.13167e-05
1.22844e-05
1.32803e-05
1.42299e-05
1.537e-05
1.64046e-05
1.7641e-05
1.89366e-05
2.02478e-05
2.17384e-05
2.3205e-05
2.47137e-05
2.64372e-05
2.78885e-05
2.96509e-05
3.15779e-05
3.33897e-05
3.52447e-05
3.71825e-05
3.88652e-05
4.06272e-05
4.25249e-05
4.42727e-05
4.6236e-05
4.82152e-05
5.03094e-05
5.23555e-05
5.431e-05
5.63598e-05
5.84362e-05
6.05126e-05
6.26335e-05
6.45626e-05
6.66083e-05
6.8502e-05
7.07323e-05
7.27721e-05
7.53543e-05
7.76341e-05
8.02682e-05
8.28712e-05
8.54761e-05
8.80492e-05
9.10952e-05
9.40051e-05
9.71862e-05
9.99351e-05
0.000103242
0.000106247
0.000109673
0.000113374
0.000117062
0.000120668
0.000124497
0.000128774
0.000133272
0.00013782
0.000142669
0.000147578
0.000152743
0.000158499
0.000164754
0.000171243
0.000177797
0.000184654
0.000191998
0.000199531
0.000207691
0.000215929
0.000224895
0.000234382
0.000244656
0.000255612
0.000266871
0.000278824
0.000291445
0.000304768
0.000319187
0.000333385
0.000348675
0.000364462
0.000381674
0.000399317
0.000417024
0.000435854
0.000455477
0.00047617
0.00049754
0.000519761
0.000543071
0.000567477
0.000592633
0.000618546
0.000644468
0.000670942
0.000699088
0.000727731
0.000757882
0.000788559
0.000821182
0.000854765
0.000888288
0.000922953
0.000958867
0.000996224
0.00103345
0.00107219
0.00111149
0.00115328
0.00119341
0.00123521
0.00127717
0.00132071
0.00136416
0.00140824
0.0014529
0.00149817
0.00154264
0.00158732
0.00163357
0.00168008
0.00172763
0.00177488
0.00182296
0.00187024
0.0019179
0.00196453
0.0020127
0.00205898
0.00210669
0.00215366
0.00220061
0.0022461
0.00229273
0.00233832
0.00238368
0.002428
0.0024731
0.00251682
0.00255893
0.00259909
0.00264063
0.00267939
0.00271747
0.00275558
0.00279201
0.00282645
0.00286037
0.00289385
0.00292523
0.00295672
0.00298715
0.00301638
0.00304307
0.00306886
0.00309575
0.00311999
0.00314266
0.00316581
0.00318726
0.00320813
0.00322961
0.00325086
0.00327192
0.0032947
0.00331456
0.00333424
0.00335627
0.00337856
0.00340183
0.00342811
0.00345528
0.00348406
0.00351689
0.00355112
0.00358751
0.00362729
0.0036712
0.00371753
0.00376959
0.00382691
0.00389027
0.0039616
0.00403769
0.00412174
0.00421513
0.00431812
0.00442982
0.00455329
0.00468736
0.00483238
0.00499427
0.00516729
0.00535432
0.00555801
0.00577643
0.00601411
0.00627113
0.00654703
0.0068442
0.00716351
0.00750281
0.00786781
0.00825962
0.00867608
0.0091253
0.00960208
0.0101076
0.0106495
0.011222
0.0118305
0.0124754
0.0131548
0.0138767
0.0146393
0.0154441
0.0162926
0.0171841
0.0181257
0.0191168
0.0201614
0.0212594
0.022405
0.0236113
0.0248754
0.0261945
0.0275813
0.0290266
0.0305356
0.0321171
0.0337654
0.0354814
0.037263
0.0391229
0.041057
0.0430652
0.0451637
0.0473316
0.0495801
0.0519179
0.0543317
0.0568323
0.0594173
0.0620956
0.064861
0.0677172
0.0706688
0.0737061
0.0768478
0.0800801
0.0834115
0.0868408
0.090365
0.0939955
0.0977188
0.101546
0.105459
0.109486
0.11362
0.117837
0.122166
0.126588
0.131111
0.135735
0.14047
0.145284
0.150199
0.155214
0.160309
0.165508
0.170793
0.176178
0.181654
0.187211
0.192835
0.198563
0.204361
0.210232
0.216176
0.222184
0.228261
0.234388
0.240585
0.246828
0.253133
0.259458
0.26585
0.272249
0.278699
0.285183
0.291696
0.298212
0.304737
0.31126
0.317767
0.324269
0.330742
0.337204
0.343624
0.350011
0.356335
0.362628
0.368851
0.37502
0.381085
0.387082
0.392975
0.398778
0.404452
0.410035
0.415486
0.420802
0.425969
0.431001
0.435869
0.440578
0.445087
0.449432
0.453569
0.457516
0.46125
0.464787
0.468086
0.471174
0.474015
0.476621
0.478978
0.481069
0.48291
0.484467
0.485763
0.486793
0.487545
0.488004
0.488167
0.488048
0.487637
0.486933
0.48591
0.484627
0.483007
0.481122
0.478904
0.476436
0.473635
0.470567
0.467176
0.463541
0.459583
0.455388
0.450895
0.446152
0.441126
0.435863
0.430357
0.424603
0.4186
0.412405
0.405996
0.3994
0.392585
0.385602
0.378436
0.371112
0.363647
0.356047
0.348327
0.340494
0.332583
0.324576
0.316495
0.308346
0.300157
0.291938
0.283694
0.275451
0.2672
0.25897
0.250779
0.242619
0.234519
0.226458
0.218483
0.210574
0.202773
0.195073
0.187481
0.180004
0.172672
0.165467
0.158417
0.151503
0.144757
0.138158
0.131732
0.125476
0.119387
0.113464
0.107733
0.102178
0.0968097
0.0916257
0.0866198
0.0818012
0.0771588
0.0727058
0.0684314
0.0643347
0.0604201
0.0566784
0.0531009
0.049698
0.0464508
0.043371
0.0404485
0.037676
0.0350509
0.0325719
0.0302295
0.0280205
0.0259432
0.0239841
0.0221508
0.0204303
0.0188219
0.0173162
0.0159116
0.0146011
0.0133837
0.01225
0.0111997
0.0102267
0.00932626
0.0084918
0.00772433
0.00701183
0.00636068
0.00576045
0.00521071
0.0047043
0.00424434
0.00382144
0.00343757
0.00308785
0.00276942
0.00248087
0.00221945
0.00198295
0.00176812
0.00157516
0.00140076
0.00124336
0.00110236
0.000976073
0.000863231
0.00076216
0.000672552
0.000591276
0.000519847
0.000456425
0.00040002
0.000350003
0.000306137
0.000266947
0.000232417
0.000202115
0.000175392
0.00015207
0.000131612
0.000113684
9.81943e-05
8.45045e-05
7.27058e-05
6.26257e-05
5.34777e-05
4.57512e-05
3.92956e-05
3.34628e-05
2.83879e-05
2.42624e-05
2.05385e-05
1.72864e-05
1.4733e-05
1.23975e-05
1.04833e-05
8.80537e-06
7.39106e-06
6.19408e-06
5.23573e-06
4.3513e-06
3.62813e-06
3.03656e-06
2.51023e-06
2.05491e-06
1.7495e-06
1.45667e-06
1.19527e-06
9.93018e-07
8.38775e-07
6.64651e-07
5.5533e-07
4.52476e-07
3.55848e-07
3.05542e-07
2.43547e-07
1.87468e-07
1.56952e-07
1.2013e-07
9.00589e-08
7.92077e-08
6.25025e-08
5.5374e-08
4.47756e-08
3.58688e-08
2.64915e-08
2.53024e-08
1.90131e-08
1.38696e-08
1.10421e-08
8.7394e-09
8.63846e-09
7.76401e-09
5.6059e-09
4.12837e-09
