0.000155744
9.66331e-05
0.000123405
0.000106331
0.000283763
0.000218627
0.000248488
0.00012594
0.000434812
0.000273978
0.000170847
0.000104992
0.000184799
0.000227792
0.000361733
0.000283229
0.000591548
0.000640412
0.000513857
0.000653995
0.000809151
0.0011091
0.000513304
0.000722067
0.000956792
0.00154655
0.00105117
0.00131425
0.00119886
0.000887771
0.000516462
0.0004337
0.000409621
0.000508388
0.000345876
0.000783777
0.000868873
0.00103454
0.000851531
0.000974205
0.00116489
0.00141427
0.00139298
0.0016366
0.00100867
0.000869891
0.00109795
0.000928935
0.000516818
0.00114942
0.000710519
0.000757122
0.000725394
0.000950957
0.00101119
0.00137713
0.000812516
0.000788564
0.00101753
0.000663863
0.000980428
0.000928404
0.000838778
0.00124655
0.00183186
0.00117263
0.00178027
0.00222626
0.00157382
0.00190554
0.00246773
0.00165009
0.00240714
0.00241512
0.00131326
0.00123407
0.0020414
0.0012747
0.00207804
0.00216398
0.0016491
0.00185474
0.0024657
0.00155806
0.00232087
0.00314716
0.00285265
0.00339525
0.00411352
0.00334605
0.00424513
0.00420838
0.0033736
0.00284092
0.00329039
0.00258942
0.00329905
0.00287812
0.00299118
0.00312915
0.00374495
0.00375026
0.00405059
0.00393358
0.00412558
0.00394475
0.00320235
0.00400421
0.00381376
0.00499511
0.0056793
0.00548033
0.00489503
0.00605484
0.00513514
0.00598177
0.00566986
0.00553848
0.00527447
0.00555582
0.00536683
0.00517074
0.00442621
0.00530505
0.00489512
0.00517253
0.00596591
0.00632283
0.00708493
0.00868825
0.00815126
0.00849406
0.00728358
0.00830641
0.00802179
0.00849258
0.0089597
0.00870824
0.00834697
0.00902818
0.00821938
0.0085625
0.0079533
0.00919209
0.00922042
0.00913658
0.00997465
0.00908014
0.0100584
0.0104926
0.012094
0.0116017
0.011533
0.0118908
0.0122242
0.0120213
0.0130785
0.0129779
0.0135998
0.0127144
0.0150123
0.0142121
0.0152399
0.0137575
0.0150877
0.013803
0.0135819
0.0130963
0.0126608
0.0129704
0.0141442
0.0168548
0.0185762
0.018398
0.0190805
0.0191488
0.019937
0.0193298
0.0201585
0.0195435
0.0203416
0.0191476
0.0202835
0.0197553
0.019908
0.0199427
0.01956
0.0206667
0.0212095
0.0224936
0.0217371
0.0223649
0.0226701
0.0262354
0.0253645
0.0268404
0.0261477
0.0273966
0.0261895
0.0270269
0.0278936
0.0311055
0.0288568
0.0292473
0.0292347
0.0307336
0.02934
0.0288687
0.0289202
0.0314172
0.0302134
0.0313492
0.0331112
0.0342
0.0330219
0.0327332
0.03406
0.0381667
0.0384383
0.0399361
0.0412835
0.0424293
0.0410518
0.041038
0.0400484
0.0416326
0.0393701
0.038676
0.0384839
0.040598
0.040782
0.0431707
0.0434896
0.0460648
0.046721
0.04914
0.0502593
0.0500943
0.0505179
0.050766
0.0492503
0.0480253
0.0515865
0.0543187
0.0561084
0.0542793
0.0566306
0.0566936
0.055002
0.0535839
0.0554355
0.05601
0.0566599
0.0577948
0.0568462
0.0605892
0.0611695
0.0631427
0.0638567
0.0637138
0.0646216
0.0681431
0.0693184
0.0675031
0.0729566
0.0730618
0.0708531
0.0696478
0.0679794
0.0681669
0.0695629
0.0719529
0.0703327
0.0720329
0.0729077
0.0738481
0.0770667
0.0758706
0.0794848
0.0843853
0.0844092
0.0836447
0.0851197
0.084574
0.0828564
0.0880872
0.0856873
0.0812955
0.0867504
0.085695
0.0847873
0.0896213
0.0895948
0.0898189
0.0940893
0.0943105
0.089513
0.0905043
0.0917118
0.0909138
0.0989594
0.100955
0.099306
0.106737
0.1054
0.103704
0.108513
0.10299
0.10129
0.106904
0.103845
0.102752
0.105792
0.101837
0.102234
0.109888
0.110454
0.110626
0.115734
0.114627
0.114154
0.121296
0.120924
0.117522
0.124663
0.124209
0.121831
0.129373
0.123535
0.117479
0.122529
0.1206
0.119847
0.128137
0.128592
0.125404
0.134184
0.133252
0.131109
0.13955
0.135192
0.133526
0.139531
0.140215
0.141111
0.147882
0.145512
0.140187
0.147069
0.145624
0.144686
0.15004
0.147508
0.144949
0.146627
0.145796
0.146121
0.150416
0.153142
0.152258
0.15724
0.16081
0.165616
0.169889
0.168383
0.169777
0.162769
0.163696
0.161292
0.161388
0.16164
0.168088
0.163789
0.161633
0.168619
0.169061
0.169107
0.171588
0.174259
0.173021
0.174981
0.17313
0.181132
0.179832
0.183519
0.180032
0.18083
0.174555
0.179686
0.173622
0.176572
0.180044
0.179682
0.177843
0.175918
0.177195
0.179041
0.17557
0.177104
0.182406
0.181993
0.177197
0.180586
0.182175
0.186737
0.183348
0.184212
0.189694
0.18208
0.176442
0.170548
0.172759
0.16912
0.167862
0.165936
0.176072
0.172651
0.172631
0.170638
0.175031
0.175746
0.173806
0.170756
0.176051
0.17122
0.170062
0.162638
0.162058
0.161597
0.159588
0.15878
0.158394
0.158957
0.15934
0.158546
0.152165
0.152532
0.148344
0.154977
0.150379
0.151108
0.151749
0.155637
0.155845
0.150673
0.146504
0.147761
0.14488
0.144896
0.140511
0.140546
0.138014
0.139019
0.13898
0.137653
0.131842
0.134369
0.136237
0.140491
0.138813
0.140036
0.143121
0.141735
0.145381
0.141221
0.140496
0.131507
0.133124
0.132573
0.134732
0.132047
0.134233
0.13339
0.138244
0.13864
0.145675
0.142719
0.142557
0.141883
0.142341
0.146728
0.145884
0.14962
0.149228
0.147036
0.149388
0.151053
0.154292
0.154632
0.152569
0.153054
0.149457
0.151946
0.155323
0.161896
0.160367
0.16823
0.166212
0.16925
0.170014
0.174977
0.178614
0.179961
0.179466
0.180303
0.173427
0.174834
0.174274
0.176243
0.176938
0.182724
0.18416
0.184269
0.185796
0.186065
0.189896
0.189112
0.198351
0.1952
0.201371
0.198457
0.199484
0.192943
0.192703
0.188951
0.191078
0.187885
0.190177
0.193808
0.191921
0.193228
0.194699
0.188224
0.189114
0.189591
0.184202
0.184427
0.189223
0.184752
0.187242
0.188134
0.182879
0.183049
0.180279
0.172572
0.167669
0.168284
0.157812
0.158439
0.154251
0.152393
0.150025
0.153684
0.145189
0.14852
0.147001
0.142157
0.138422
0.138394
0.129378
0.128068
0.123482
0.113841
0.112913
0.110366
0.10058
0.0980336
0.0990079
0.0891093
0.088584
0.0864416
0.0803954
0.0786614
0.0785693
0.0690894
0.0700241
0.0674697
0.0598612
0.0569808
0.0570055
0.0481191
0.0471046
0.0442242
0.0382271
0.0359976
0.0343823
0.0281744
0.0269988
0.0250651
0.0205398
0.0191086
0.0181679
0.0143681
0.0134662
0.0127038
0.00991618
0.00925161
0.00862707
0.0068739
0.00615574
0.0058537
