0.00291502
0.00307417
0.00324084
0.00341534
0.00359796
0.00378899
0.00398875
0.00419755
0.0044157
0.00464354
0.00488141
0.00512963
0.00538856
0.00565854
0.00593995
0.00623312
0.00653845
0.00685629
0.00718703
0.00753104
0.00788871
0.00826044
0.0086466
0.0090476
0.00946383
0.00989569
0.0103436
0.0108079
0.011289
0.0117874
0.0123034
0.0128374
0.0133899
0.0139611
0.0145516
0.0151616
0.0157916
0.0164419
0.0171129
0.0178049
0.0185184
0.0192536
0.0200109
0.0207905
0.0215929
0.0224183
0.0232669
0.0241391
0.025035
0.025955
0.0268992
0.0278679
0.0288612
0.0298792
0.0309222
0.0319902
0.0330833
0.0342016
0.0353452
0.036514
0.037708
0.0389273
0.0401716
0.041441
0.0427354
0.0440545
0.0453981
0.0467661
0.0481582
0.0495741
0.0510135
0.0524761
0.0539613
0.0554689
0.0569983
0.0585491
0.0601207
0.0617125
0.063324
0.0649544
0.0666031
0.0682694
0.0699525
0.0716516
0.0733658
0.0750944
0.0768364
0.0785908
0.0803567
0.0821331
0.0839189
0.085713
0.0875144
0.0893218
0.0911342
0.0929503
0.0947688
0.0965886
0.0984083
0.100227
0.102042
0.103854
0.10566
0.107459
0.10925
0.111032
0.112802
0.11456
0.116304
0.118032
0.119744
0.121437
0.12311
0.124762
0.126391
0.127996
0.129575
0.131127
0.13265
0.134143
0.135605
0.137033
0.138428
0.139787
0.141109
0.142393
0.143637
0.144841
0.146003
0.147122
0.148196
0.149225
0.150208
0.151143
0.152031
0.152868
0.153656
0.154393
0.155077
0.15571
0.156289
0.156814
0.157285
0.157702
0.158063
0.158368
0.158617
0.15881
0.158946
0.159025
0.159048
0.159014
0.158923
0.158775
0.158571
0.15831
0.157994
0.157621
0.157193
0.156709
0.156172
0.15558
0.154935
0.154237
0.153487
0.152686
0.151835
0.150933
0.149983
0.148986
0.147941
0.146851
0.145717
0.144538
0.143318
0.142056
0.140754
0.139414
0.138036
0.136621
0.135173
0.13369
0.132176
0.130631
0.129056
0.127454
0.125826
0.124172
0.122495
0.120796
0.119076
0.117337
0.11558
0.113808
0.11202
0.110219
0.108406
0.106583
0.10475
0.10291
0.101064
0.0992128
0.097358
0.095501
0.0936431
0.0917854
0.0899294
0.0880763
0.0862271
0.0843832
0.0825456
0.0807155
0.0788939
0.0770819
0.0752806
0.0734909
0.0717137
0.06995
0.0682007
0.0664666
0.0647486
0.0630473
0.0613636
0.0596982
0.0580517
0.0564247
0.0548179
0.0532319
0.0516672
0.0501242
0.0486034
0.0471053
0.0456302
0.0441786
0.0427507
0.0413469
0.0399673
0.0386124
0.0372822
0.0359769
0.0346967
0.0334418
0.0322122
0.031008
0.0298292
0.0286759
0.0275481
0.0264458
0.0253689
0.0243173
0.0232911
0.02229
0.021314
0.020363
0.0194368
0.0185353
0.0176583
0.0168056
0.015977
0.0151724
0.0143915
0.0136341
0.0129
0.0121889
0.0115007
0.010835
0.0101917
0.0095705
0.00897112
0.00839334
0.00783691
0.00730157
0.00678709
0.00629322
0.00581971
0.00536633
0.00493284
0.004519
0.0041246
0.00374941
0.00339321
0.0030558
0.00273697
0.00243654
0.00215432
0.00189012
0.00164379
0.00141516
0.00120409
0.00101042
0.000834044
0.000674828
0.000532668
0.000407466
0.000299134
0.000207597
0.000132792
7.46644e-05
3.31744e-05
8.29212e-06
0
8.29212e-06
3.31744e-05
7.46644e-05
0.000132792
0.000207597
0.000299134
0.000407466
0.000532668
0.000674828
0.000834044
0.00101042
0.00120409
0.00141516
0.00164379
0.00189012
0.00215432
0.00243654
0.00273697
0.0030558
0.00339321
0.00374941
0.0041246
0.004519
0.00493284
0.00536633
0.00581971
0.00629322
0.00678709
0.00730157
0.00783691
0.00839334
0.00897112
0.0095705
0.0101917
0.010835
0.0115007
0.0121889
0.0129
0.0136341
0.0143915
0.0151724
0.015977
0.0168056
0.0176583
0.0185353
0.0194368
0.020363
0.021314
0.02229
0.0232911
0.0243173
0.0253689
0.0264458
0.0275481
0.0286759
0.0298292
0.031008
0.0322122
0.0334418
0.0346967
0.0359769
0.0372822
0.0386124
0.0399673
0.0413469
0.0427507
0.0441786
0.0456302
0.0471053
0.0486034
0.0501242
0.0516672
0.0532319
0.0548179
0.0564247
0.0580517
0.0596982
0.0613636
0.0630473
0.0647486
0.0664666
0.0682007
0.06995
0.0717137
0.0734909
0.0752806
0.0770819
0.0788939
0.0807155
0.0825456
0.0843832
0.0862271
0.0880763
0.0899294
0.0917854
0.0936431
0.095501
0.097358
0.0992128
0.101064
0.10291
0.10475
0.106583
0.108406
0.110219
0.11202
0.113808
0.11558
0.117337
0.119076
0.120796
0.122495
0.124172
0.125826
0.127454
0.129056
0.130631
0.132176
0.13369
0.135173
0.136621
0.138036
0.139414
0.140754
0.142056
0.143318
0.144538
0.145717
0.146851
0.147941
0.148986
0.149983
0.150933
0.151835
0.152686
0.153487
0.154237
0.154935
0.15558
0.156172
0.156709
0.157193
0.157621
0.157994
0.15831
0.158571
0.158775
0.158923
0.159014
0.159048
0.159025
0.158946
0.15881
0.158617
0.158368
0.158063
0.157702
0.157285
0.156814
0.156289
0.15571
0.155077
0.154393
0.153656
0.152868
0.152031
0.151143
0.150208
0.149225
0.148196
0.147122
0.146003
0.144841
0.143637
0.142393
0.141109
0.139787
0.138428
0.137033
0.135605
0.134143
0.13265
0.131127
0.129575
0.127996
0.126391
0.124762
0.12311
0.121437
0.119744
0.118032
0.116304
0.11456
0.112802
0.111032
0.10925
0.107459
0.10566
0.103854
0.102042
0.100227
0.0984083
0.0965886
0.0947688
0.0929503
0.0911342
0.0893218
0.0875144
0.085713
0.0839189
0.0821331
0.0803567
0.0785908
0.0768364
0.0750944
0.0733658
0.0716516
0.0699525
0.0682694
0.0666031
0.0649544
0.063324
0.0617125
0.0601207
0.0585491
0.0569983
0.0554689
0.0539613
0.0524761
0.0510135
0.0495741
0.0481582
0.0467661
0.0453981
0.0440545
0.0427354
0.041441
0.0401716
0.0389273
0.037708
0.036514
0.0353452
0.0342016
0.0330833
0.0319902
0.0309222
0.0298792
0.0288612
0.0278679
0.0268992
0.025955
0.025035
0.0241391
0.0232669
0.0224183
0.0215929
0.0207905
0.0200109
0.0192536
0.0185184
0.0178049
0.0171129
0.0164419
0.0157916
0.0151616
0.0145516
0.0139611
0.0133899
0.0128374
0.0123034
0.0117874
0.011289
0.0108079
0.0103436
0.00989569
0.00946383
0.0090476
0.0086466
0.00826044
0.00788871
0.00753104
0.00718703
0.00685629
0.00653845
0.00623312
0.00593995
0.00565854
0.00538856
0.00512963
0.00488141
0.00464354
0.0044157
0.00419755
0.00398875
0.00378899
0.00359796
0.00341534
0.00324084
0.00307417
0.00291502
