2.09072e-09
1.17377e-09
2.00911e-09
4.16668e-09
2.42845e-09
4.15574e-09
1.37631e-09
1.39612e-09
9.58925e-09
6.60084e-09
1.05234e-09
8.19521e-09
3.20213e-09
3.1872e-09
2.75491e-10
7.0026e-09
4.29228e-09
2.55811e-09
1.95367e-09
2.24142e-09
1.45781e-08
4.44512e-09
8.22214e-09
1.14706e-08
7.63651e-09
1.01506e-08
2.32093e-09
3.65156e-09
6.65346e-09
7.07549e-09
2.49698e-09
2.07456e-09
3.06648e-09
6.15592e-10
2.95505e-09
1.44404e-09
2.43616e-09
2.81751e-09
1.09066e-09
1.84338e-09
4.42583e-09
5.09214e-10
1.84294e-09
2.05968e-09
2.61586e-09
1.44173e-09
7.80081e-10
1.45136e-09
1.69741e-09
2.10743e-09
1.01056e-09
5.66114e-10
7.96893e-10
3.1753e-10
2.32706e-09
6.04605e-09
4.03904e-09
1.36586e-09
1.12528e-10
4.01342e-09
8.34159e-10
1.1873e-09
4.01285e-09
2.22271e-09
4.00198e-09
8.45016e-12
7.20615e-10
3.56766e-09
1.34586e-09
8.74202e-10
1.65264e-10
4.15776e-10
5.29863e-10
1.90628e-09
7.51441e-09
6.17471e-09
6.47103e-09
6.11658e-09
5.5713e-09
9.92007e-09
3.14166e-09
6.86925e-09
6.47265e-09
1.00996e-08
8.86249e-09
2.39463e-09
7.98727e-09
3.36981e-09
1.02151e-08
4.41299e-09
1.02213e-08
8.81426e-09
6.57103e-09
5.60896e-09
1.44416e-09
5.66573e-09
1.9303e-09
7.21565e-09
3.37612e-09
8.89886e-09
5.28344e-09
4.6238e-09
5.20343e-09
4.93188e-09
9.26707e-09
3.62813e-09
6.30056e-09
2.68058e-09
2.02852e-09
1.98203e-09
4.74145e-11
7.59641e-11
1.09805e-09
8.02691e-10
6.13231e-10
1.21246e-09
4.88788e-10
1.27962e-09
6.55537e-10
2.44845e-09
2.93397e-09
1.7727e-09
2.82707e-09
1.58583e-09
3.21119e-09
1.89662e-09
3.30079e-09
4.91497e-09
3.51146e-09
8.51705e-09
1.53809e-09
3.44947e-09
8.71089e-10
5.73275e-10
8.30865e-10
1.8672e-10
1.06847e-10
8.27702e-10
7.64811e-10
4.99975e-10
1.38134e-09
5.48776e-10
3.08348e-09
1.11584e-10
2.19918e-09
2.50332e-10
6.56264e-10
5.2477e-10
1.00726e-09
1.05709e-09
1.89416e-09
4.05874e-09
1.42744e-09
3.95619e-09
8.66035e-10
4.83877e-09
1.82893e-09
3.8808e-09
4.13023e-09
6.3469e-09
7.45933e-09
4.37232e-09
9.48286e-09
5.12991e-09
1.04987e-08
1.21844e-08
1.56403e-08
1.93792e-08
1.81074e-08
2.1167e-08
1.39477e-08
1.12364e-08
9.30331e-09
5.08069e-09
4.51077e-09
1.73819e-09
3.74579e-09
2.23279e-09
6.5506e-09
6.54495e-09
7.358e-09
4.79022e-09
7.05316e-09
1.23139e-08
1.05302e-08
6.05887e-09
8.72211e-09
8.30492e-09
1.68601e-09
6.24116e-10
1.08425e-10
1.52183e-09
6.156e-10
3.10853e-09
6.43999e-09
1.6092e-08
2.74531e-08
2.98281e-08
3.51974e-08
4.95913e-08
3.78401e-08
1.87446e-08
3.04818e-08
3.74309e-08
2.44332e-08
1.80994e-08
2.22986e-08
4.52043e-08
3.97236e-08
3.26883e-08
5.79283e-08
9.30171e-08
1.06354e-07
1.45521e-07
2.09053e-07
2.90004e-07
2.85217e-07
2.4743e-07
2.8165e-07
2.95844e-07
2.61603e-07
2.91962e-07
3.45002e-07
4.1469e-07
4.88959e-07
5.62646e-07
7.30151e-07
9.14034e-07
1.03569e-06
1.16585e-06
1.32709e-06
1.47175e-06
1.68857e-06
1.81919e-06
2.02776e-06
2.31145e-06
2.60513e-06
2.96991e-06
3.53863e-06
4.00261e-06
4.6107e-06
5.26779e-06
5.72111e-06
6.11579e-06
6.87222e-06
7.88311e-06
8.70066e-06
9.93078e-06
1.1491e-05
1.31316e-05
1.46995e-05
1.66647e-05
1.87437e-05
2.11127e-05
2.38445e-05
2.64689e-05
2.94954e-05
3.29059e-05
3.67997e-05
4.09327e-05
4.54455e-05
5.02359e-05
5.55161e-05
6.15827e-05
6.84767e-05
7.60015e-05
8.50525e-05
9.6492e-05
0.000107278
0.000119025
0.00013351
0.000147572
0.000163164
0.000182291
0.000200753
0.000219724
0.000244126
0.000268004
0.000292338
0.000323228
0.000354471
0.000389232
0.000431199
0.000473913
0.00052049
0.000574532
0.000631987
0.000694164
0.00076443
0.000837022
0.000914574
0.00100328
0.00109464
0.00119394
0.00130738
0.00142561
0.00155595
0.0017008
0.00184975
0.00200953
0.00218464
0.00237037
0.00257146
0.00279299
0.00303121
0.00328688
0.00356807
0.00387242
0.00419558
0.00454607
0.00492398
0.00532446
0.00575675
0.00622008
0.00670604
0.00722223
0.00777636
0.00836759
0.00899575
0.00967035
0.010388
0.0111414
0.0119586
0.0128321
0.0137451
0.0147328
0.0157823
0.0168894
0.0180876
0.019351
0.0206727
0.0220795
0.0235609
0.0251113
0.02676
0.0284948
0.0303068
0.0322394
0.0342615
0.0363717
0.0386153
0.0409556
0.043402
0.0459747
0.048666
0.0514886
0.0544596
0.0575765
0.0608016
0.0641919
0.0677325
0.0714173
0.0752841
0.0792765
0.0834488
0.0877709
0.092253
0.0968693
0.101663
0.106643
0.111741
0.117048
0.122486
0.128162
0.134004
0.140045
0.14626
0.152641
0.159209
0.165924
0.172822
0.179846
0.187118
0.194495
0.202039
0.209709
0.217598
0.225586
0.233758
0.242002
0.250426
0.258973
0.26759
0.27633
0.285165
0.294185
0.303167
0.312273
0.321356
0.330608
0.339748
0.348908
0.35812
0.367338
0.376507
0.385541
0.394636
0.40361
0.412518
0.421207
0.429936
0.438514
0.4469
0.455093
0.463182
0.471132
0.478833
0.486288
0.493602
0.500678
0.507377
0.513768
0.519881
0.525703
0.531086
0.536119
0.54084
0.545269
0.549168
0.552745
0.555891
0.558712
0.561027
0.562923
0.564452
0.56552
0.566115
0.566233
0.565922
0.565142
0.563908
0.562202
0.560092
0.557517
0.554513
0.5511
0.547196
0.542884
0.538119
0.532993
0.527502
0.521544
0.515302
0.50864
0.501769
0.494432
0.486824
0.478858
0.470673
0.462143
0.453382
0.444363
0.435124
0.425663
0.416021
0.406277
0.396258
0.386185
0.375946
0.365754
0.35536
0.345026
0.334611
0.32424
0.313835
0.303527
0.293229
0.282962
0.272758
0.262692
0.252709
0.242841
0.233129
0.22354
0.214161
0.204913
0.195928
0.187074
0.178461
0.170037
0.161837
0.153856
0.146119
0.138582
0.131347
0.124281
0.117493
0.11091
0.104619
0.0985298
0.0927061
0.0870962
0.0817424
0.0765769
0.0716846
0.067012
0.0625306
0.0583052
0.054297
0.0504746
0.0468649
0.0434633
0.040238
0.037221
0.034367
0.0317086
0.029177
0.026842
0.0246321
0.0225848
0.0206455
0.0188876
0.0172156
0.015694
0.0142662
0.0129585
0.0117403
0.0106347
0.00960321
0.00866406
0.00780456
0.00702326
0.00630693
0.00565586
0.00506089
0.00452306
0.00403553
0.00359086
0.00318873
0.00283117
0.00250776
0.00221533
0.00195716
0.00172222
0.00151604
0.00133231
0.00116699
0.00101762
0.000892272
0.000775477
0.000674561
0.000584809
0.000508378
0.000438567
0.000381006
0.000326811
0.000282666
0.000242928
0.000209396
0.000178176
0.000152898
0.000130462
0.000111555
9.40006e-05
7.9674e-05
6.76551e-05
5.71355e-05
4.79124e-05
4.0306e-05
3.378e-05
2.86467e-05
2.38974e-05
1.96695e-05
1.67933e-05
1.42432e-05
1.15221e-05
9.6132e-06
8.24087e-06
6.72597e-06
5.60629e-06
4.66233e-06
3.8113e-06
3.26967e-06
2.6807e-06
2.05992e-06
1.81888e-06
1.53987e-06
1.15596e-06
9.67722e-07
8.74342e-07
6.65905e-07
5.31796e-07
4.53363e-07
3.67484e-07
3.30418e-07
2.54179e-07
1.76121e-07
1.95126e-07
1.68959e-07
9.93665e-08
9.19005e-08
1.07798e-07
7.48556e-08
5.01295e-08
4.86219e-08
5.2177e-08
4.93549e-08
2.77755e-08
1.7225e-08
3.56612e-08
3.42322e-08
